1.000000e+00
5.046676e-01
3.602007e-01
3.320848e-01
2.564580e-01
2.332556e-01
1.984339e-01
1.806600e-01
1.613473e-01
1.478026e-01
1.357282e-01
1.252256e-01
1.170292e-01
1.087131e-01
1.028071e-01
9.609063e-02
9.163891e-02
8.611831e-02
8.264312e-02
7.803539e-02
7.524576e-02
7.134834e-02
6.905769e-02
6.572249e-02
6.380607e-02
6.092270e-02
5.929408e-02
5.677878e-02
5.537625e-02
5.316441e-02
5.194281e-02
4.998389e-02
4.890939e-02
4.716332e-02
4.621007e-02
4.464470e-02
4.379267e-02
4.238192e-02
4.161527e-02
4.033780e-02
3.964389e-02
3.848205e-02
3.785065e-02
3.678974e-02
3.621247e-02
3.524016e-02
3.471011e-02
3.381596e-02
3.332736e-02
3.250249e-02
3.205049e-02
3.128731e-02
3.086781e-02
3.015978e-02
2.976926e-02
2.911074e-02
2.874619e-02
2.813225e-02
2.779109e-02
2.721743e-02
2.689739e-02
2.636027e-02
2.605951e-02
2.555663e-02
2.528020e-02
2.484444e-02
2.474450e-02
2.489453e-02
2.639077e-02
3.015681e-02
3.828796e-02
4.975746e-02
5.502093e-02
4.231810e-02
2.630217e-02
1.913793e-02
2.057085e-02
2.323792e-02
1.836140e-02
1.452324e-02
1.604566e-02
1.587160e-02
1.234718e-02
1.231487e-02
1.294961e-02
1.037568e-02
1.015742e-02
1.045927e-02
8.566738e-03
8.546162e-03
8.375506e-03
6.971062e-03
7.203794e-03
6.466039e-03
5.708571e-03
5.800754e-03
4.857102e-03
4.623250e-03
4.267786e-03
3.568910e-03
3.703564e-03
3.131756e-03
2.981249e-03
2.869699e-03
2.479671e-03
2.520203e-03
2.149612e-03
2.113614e-03
1.910312e-03
1.747179e-03
1.678692e-03
1.467279e-03
1.424827e-03
1.257480e-03
1.174709e-03
1.082877e-03
9.599241e-04
9.180800e-04
7.884076e-04
7.573435e-04
6.514834e-04
6.086398e-04
5.373381e-04
4.805815e-04
4.367715e-04
3.758761e-04
3.463261e-04
2.915706e-04
2.656812e-04
2.225585e-04
1.963617e-04
1.653535e-04
1.397004e-04
1.182856e-04
9.573475e-05
8.107092e-05
6.384727e-05
5.427836e-05
4.337619e-05
3.817886e-05
3.282589e-05
3.031811e-05
2.701982e-05
2.318908e-05
1.853904e-05
1.391525e-05
1.106718e-05
9.071172e-06
8.301903e-06
6.897785e-06
5.650035e-06
4.382823e-06
3.905328e-06
3.452564e-06
2.915333e-06
2.283526e-06
1.911873e-06
1.627613e-06
1.275328e-06
1.028231e-06
8.867867e-07
7.884596e-07
6.137634e-07
5.150432e-07
4.323839e-07
3.575373e-07
2.764300e-07
2.344635e-07
1.851468e-07
1.495775e-07
1.250348e-07
1.035230e-07
8.161821e-08
6.727078e-08
5.404332e-08
4.240831e-08
3.569957e-08
2.804820e-08
2.250905e-08
1.863989e-08
1.554696e-08
1.264934e-08
1.143489e-08
9.699231e-09
8.936180e-09
8.209508e-09
7.628250e-09
7.124559e-09
6.667181e-09
5.844605e-09
5.301924e-09
4.369520e-09
3.683327e-09
3.027142e-09
2.445820e-09
2.059485e-09
1.699623e-09
1.412014e-09
1.203158e-09
1.047076e-09
9.310304e-10
8.023564e-10
6.881238e-10
5.793352e-10
4.587726e-10
3.703848e-10
2.850265e-10
2.229257e-10
1.744800e-10
1.336265e-10
1.025846e-10
7.606050e-11
5.491007e-11
4.096586e-11
3.020511e-11
2.486172e-11
2.022696e-11
1.674560e-11
1.264003e-11
9.005125e-12
6.441106e-12
4.713337e-12
3.669273e-12
2.840713e-12
2.162530e-12
1.672811e-12
1.287288e-12
1.002906e-12
7.409556e-13
