1.000000e+00
1.902588e+01
1.753109e+01
1.499134e+01
1.491301e+01
1.547440e+01
1.570162e+01
1.505931e+01
1.282125e+01
9.439658e+00
5.529075e+00
2.287841e+00
7.001145e-01
5.494493e-01
6.222258e-01
9.315265e+00
8.181814e+00
1.131408e+01
1.378597e+01
1.583891e+01
1.272974e+01
1.817549e+01
1.646256e+01
2.246918e+01
2.123979e+01
1.983308e+01
1.089658e+01
1.304933e+01
1.066652e+01
1.086503e+01
1.273057e+01
1.184025e+01
1.059965e+01
9.630704e+00
1.218135e+01
1.132294e+01
1.352795e+01
1.258337e+01
1.480745e+01
1.169249e+01
1.216806e+01
1.471615e+01
1.975499e+01
1.888808e+01
1.629701e+01
1.965748e+01
2.272369e+01
2.328464e+01
2.042465e+01
1.276175e+01
8.871129e+00
7.118654e+00
8.057701e+00
7.100492e+00
9.154134e+00
1.627577e+01
2.403610e+01
2.787831e+01
2.871195e+01
3.139170e+01
3.436153e+01
2.739411e+01
2.276433e+01
2.443966e+01
2.155705e+01
1.835247e+01
1.589198e+01
8.004165e+00
6.019333e+00
7.764094e+00
5.123925e+00
5.003313e+00
7.864500e+00
7.315186e+00
1.313970e+01
1.534823e+01
1.516837e+01
5.216393e+01
1.846128e+01
1.544449e+01
3.052564e+01
3.810070e+00
3.014052e+00
8.330043e+00
1.046108e+00
1.183824e+00
4.845780e+00
1.691612e+00
1.123899e+00
3.788045e-01
1.250006e-01
8.369865e-02
6.986496e-02
1.010378e-01
1.305947e-01
2.242473e-01
3.912133e-01
4.227237e-01
3.684673e-01
2.449566e-01
9.132215e-02
5.965813e-02
2.537010e-02
1.672137e-02
8.678790e-03
6.013267e-03
5.312902e-03
3.520250e-03
3.255912e-03
3.138239e-03
4.180208e-03
5.915984e-03
1.395001e-02
2.146423e-02
1.999695e-02
3.741362e-02
5.363708e-02
5.676274e-02
5.969045e-02
5.977084e-02
5.284658e-02
3.657870e-02
2.387229e-02
1.356279e-02
1.048163e-02
7.862217e-03
4.155680e-03
2.411625e-03
1.746315e-03
1.255173e-03
1.044905e-03
8.358463e-04
7.248474e-04
4.411672e-04
3.276006e-04
3.021544e-04
1.532075e-04
9.607792e-05
9.131346e-05
7.122535e-05
4.444179e-05
3.453104e-05
3.502264e-05
2.318910e-05
1.519997e-05
1.213926e-05
5.180687e-06
3.725375e-06
3.473057e-06
3.051007e-06
2.871212e-06
2.291302e-06
1.971283e-06
1.053319e-06
8.517863e-07
8.251699e-07
3.113650e-07
1.674668e-07
1.514736e-07
9.089041e-08
8.973909e-08
7.180581e-08
6.350626e-08
6.214465e-08
2.003648e-08
5.172606e-09
4.598476e-09
6.871612e-09
6.851757e-09
3.049897e-09
1.240621e-09
1.181940e-09
1.226892e-09
1.267775e-09
1.222338e-09
1.005634e-09
8.503251e-10
7.932131e-10
7.858459e-10
7.926458e-10
8.571492e-10
6.087369e-10
6.273751e-10
5.722892e-10
5.697906e-10
5.697010e-10
5.663307e-10
5.513593e-10
5.176530e-10
3.979972e-10
2.492740e-10
1.136936e-10
1.078056e-10
9.498756e-11
9.503747e-11
9.548043e-11
1.129925e-10
1.307963e-10
1.453982e-10
1.912985e-10
1.791499e-10
1.058019e-10
9.555913e-11
1.044177e-10
1.015000e-10
9.336043e-11
9.457141e-11
1.485820e-10
3.013368e-10
3.380908e-10
2.887711e-10
2.208970e-10
7.960346e-11
3.793777e-11
3.286474e-11
3.140658e-11
3.178226e-11
3.031716e-11
3.067974e-11
3.208148e-11
3.366401e-11
3.443197e-11
3.858367e-11
3.706463e-11
3.327352e-11
3.882952e-11
3.576052e-11
3.256750e-11
3.049981e-11
2.889217e-11
2.880702e-11
2.883038e-11
2.929676e-11
3.075632e-11
3.190794e-11
5.972270e-11
2.012590e-10
2.099083e-10
1.825585e-10
1.732566e-10
2.409903e-10
2.281320e-10
4.875869e-11
2.652448e-11
2.303353e-11
1.604732e-11
1.475403e-11
1.242331e-11
7.510793e-13
