%%MatrixMarket vector coordinate real general
237
1   4.93749999999999072443e-04
2   5.06640218100609574685e-06
3   8.02420898440125008981e-05
4   9.74999999999999413143e-04
5   1.97805664063151710936e-05
6   1.54390234375514239819e-04
7   1.44374999999999798633e-03
8   4.33905151368633787011e-05
9   2.22600683594504668295e-04
10   1.89999999999999782778e-03
11   7.51638020835867349092e-05
12   2.85029687500984484690e-04
13   2.34374999999999687750e-03
14   1.14387512207421443303e-04
15   3.41833496094952598437e-04
16   2.77500000000000099018e-03
17   1.60368261719303462727e-04
18   3.93168359376409707901e-04
19   3.19374999999999954065e-03
20   2.12432198080169455960e-04
21   4.39190527345355481454e-04
22   3.60000000000000033515e-03
23   2.69925000000954438354e-04
24   4.80056250001790509041e-04
25   3.99374999999999990424e-03
26   3.32211877442595748724e-04
27   5.15921777345713429043e-04
28   4.37499999999999434480e-03
29   3.98677571616028278857e-04
30   5.46943359377124018253e-04
31   4.74375000000000577455e-03
32   4.68726354982188701901e-04
33   5.73277246096021348733e-04
34   5.09999999999999776429e-03
35   5.41782031252012246866e-04
36   5.95079687502408287252e-04
37   5.44374999999999546751e-03
38   6.17287935386436276489e-04
39   6.12506933596282496408e-04
40   5.77499999999999888423e-03
41   6.94706933596394649380e-04
42   6.25715234377644782988e-04
43   6.09374999999999673872e-03
44   7.73521423342825417864e-04
45   6.34860839846494977995e-04
46   6.39999999999999336781e-03
47   8.53233333336663292770e-04
48   6.40100000002833671373e-04
49   6.69374999999999831246e-03
50   9.33364123538846257068e-04
51   6.41588964846660477284e-04
52   6.97499999999999509281e-03
53   1.01345478516030830171e-03
54   6.39483984377974142531e-04
55   7.24374999999999585193e-03
56   1.09306584066198473823e-03
57   6.33941308596773847595e-04
58   7.49999999999999885508e-03
59   1.17177734375481382503e-03
60   6.25117187503059857159e-04
61   7.74374999999999889810e-03
62   1.24918887939972885273e-03
63   6.13167871096834495893e-04
64   7.97499999999998730738e-03
65   1.32491956380766801038e-03
66   5.98249609378097161119e-04
67   8.19375000000000831835e-03
68   1.39860804443956462766e-03
69   5.80518652346846599638e-04
70   8.39999999999999601152e-03
71   1.46991250000635714952e-03
72   5.60131250003080907729e-04
73   8.59374999999998855083e-03
74   1.53851064046898046260e-03
75   5.37243652346797097470e-04
76   8.77499999999998073208e-03
77   1.60409970703836828043e-03
78   5.12012109377998902993e-04
79   8.94375000000000204559e-03
80   1.66639647217545986552e-03
81   4.84592871096689299486e-04
82   9.09999999999999698019e-03
83   1.72513723959118593469e-03
84   4.55142187502863239043e-04
85   9.24374999999998982203e-03
86   1.78007784424648622321e-03
87   4.23816308596524293165e-04
88   9.37499999999999791833e-03
89   1.83099365235229647429e-03
90   3.90771484377675274412e-04
91   9.49374999999999004408e-03
92   1.87767956136954930653e-03
93   3.56163964846315309054e-04
94   9.60000000000000262845e-03
95   1.91995000000918722427e-03
96   3.20150000002446884391e-04
97   9.69374999999999924227e-03
98   1.95763892823213898203e-03
99   2.82885839846058230462e-04
100   9.77500000000000070222e-03
101   1.99059983724934495483e-03
102   2.44527734377156605056e-04
103   9.84374999999999833467e-03
104   2.01870574952174065830e-03
105   2.05231933595735361068e-04
106   9.89999999999998520073e-03
107   2.04184921876026043500e-03
108   1.65154687501797988684e-04
109   9.94374999999999772959e-03
110   2.05994232992583658701e-03
111   1.24452246095344806797e-04
112   9.97499999999998734901e-03
113   2.07291669922940718224e-03
114   8.32808593763768796906e-05
115   9.99374999999998528399e-03
116   2.08072347413190694709e-03
117   4.17967773448850801483e-05
118   9.99999999999999500400e-03
119   2.08333333334427377170e-03
120   1.56250000871435396911e-07
121   9.99374999999999569233e-03
122   2.08073648682743743421e-03
123  -4.14844726556576730574e-05
124   9.97500000000000469624e-03
125   2.07294267579233781537e-03
126  -8.29691406246957510002e-05
127   9.94375000000000293376e-03
128   2.05998117269990885236e-03
129  -1.24141503906238353508e-04
130   9.89999999999999387434e-03
131   2.04190078126108807977e-03
132  -1.64845312500281644804e-04
133   9.84375000000000180411e-03
134   2.01876983643681923164e-03
135  -2.04924316406822283783e-04
136   9.77499999999999549805e-03
137   1.99067620443803055749e-03
138  -2.44222265625852416344e-04
139   9.69375000000000791589e-03
140   1.95772728272566908306e-03
141  -2.82582910157374732254e-04
142   9.60000000000000609790e-03
143   1.92005000001066830108e-03
144  -3.19850000001387936837e-04
145   9.49374999999999698297e-03
146   1.87779081625396725326e-03
147  -3.55867285157887862281e-04
148   9.37499999999999444888e-03
149   1.83111572266650792819e-03
150  -3.90478515626876629147e-04
151   9.24375000000001410816e-03
152   1.78021024170922702139e-03
153  -4.23527441408360586384e-04
154   9.10000000000000565381e-03
155   1.72527942709306374158e-03
156  -4.54857812502331229371e-04
157   8.94374999999998816780e-03
158   1.66654786377895634125e-03
159  -4.84313378908788564475e-04
160   8.77500000000000328348e-03
161   1.60425966797784753763e-03
162  -5.11737890627735254358e-04
163   8.59375000000000936751e-03
164   1.53867848715067215282e-03
165  -5.36975097659170871704e-04
166   8.40000000000000468514e-03
167   1.47008750000836622106e-03
168  -5.59868750003089080299e-04
169   8.19375000000000137945e-03
170   1.39878941651187783078e-03
171  -5.80262597659492976483e-04
172   7.97499999999999771572e-03
173   1.32510647787214045322e-03
174  -5.98000390628378175606e-04
175   7.74374999999999629602e-03
176   1.24938045655009549381e-03
177  -6.12925878909742569839e-04
178   7.50000000000000058981e-03
179   1.17197265625668622067e-03
180  -6.24882812503586328179e-04
181   7.24375000000000018874e-03
182   1.09326391195284692258e-03
183  -6.33714941409907884899e-04
184   6.97499999999999856226e-03
185   1.01365458984952220775e-03
186  -6.39266015628707625837e-04
187   6.69375000000000264927e-03
188   9.33564587407650523995e-04
189  -6.41379785159978997935e-04
190   6.39999999999999943934e-03
191   8.53433333338174024939e-04
192  -6.39900000003722387032e-04
193   6.09374999999999760608e-03
194   7.73719787602034016379e-04
195  -6.34670410159937962123e-04
196   5.77499999999999975159e-03
197   6.94902441410170088922e-04
198  -6.25534765628624916424e-04
199   5.44375000000000240641e-03
200   6.17479317223524346372e-04
201  -6.12336816409786021016e-04
202   5.10000000000000557054e-03
203   5.41967968753037068926e-04
204  -5.94920312503420143854e-04
205   4.74374999999999710093e-03
206   4.68905480959649477880e-04
207  -5.73129003909528754977e-04
208   4.37499999999999607952e-03
209   3.98848470054301784075e-04
210  -5.46806640628113216004e-04
211   3.99374999999999990424e-03
212   3.32373083497934976825e-04
213  -5.15796972659169901225e-04
214   3.60000000000000206987e-03
215   2.70075000001489468667e-04
216  -4.79943750002700551729e-04
217   3.19375000000000431113e-03
218   2.12569429525906640347e-04
219  -4.39090722658704360731e-04
220   2.77499999999999838809e-03
221   1.60491113282126916361e-04
222  -3.93081640627182418799e-04
223   2.34375000000000381639e-03
224   1.14494323731091309946e-04
225  -3.41760253908133539678e-04
226   1.89999999999999891198e-03
227   7.52528645837404066383e-05
228  -2.84970312501558705517e-04
229   1.44374999999999950422e-03
230   4.34600708010151638716e-05
231  -2.22555566407458302151e-04
232   9.74999999999999521563e-04
233   1.98288085938561384853e-05
234  -1.54359765625831631217e-04
235   4.93749999999999831385e-04
236   5.09147542320416434964e-06
237  -8.02266601566788075013e-05
