%%MatrixMarket vector coordinate real general
100
1  -4.49144754166927863241e-04
2  -8.61902471517996308058e-04
3  -1.20483397655802410529e-03
4  -1.45015699824088076936e-03
5  -1.57799692434201646943e-03
6  -1.57799692434200888001e-03
7  -1.45015699824084325596e-03
8  -1.20483397655806075133e-03
9  -8.61902471517998693303e-04
10  -4.49144754166953396202e-04
11  -1.49285887183841256380e-03
12  -2.86477519625392886699e-03
13  -4.00460447174304581819e-03
14  -4.82000450923153120342e-03
15  -5.24491644705275122940e-03
16  -5.24491644705241122359e-03
17  -4.82000450923165350142e-03
18  -4.00460447174303194040e-03
19  -2.86477519625393450484e-03
20  -1.49285887183835922105e-03
21  -3.61450192967398666391e-03
22  -6.93617840927663632800e-03
23  -9.69592696520122851456e-03
24  -1.16701691823026722922e-02
25  -1.26989636974228093519e-02
26  -1.26989636974227104727e-02
27  -1.16701691823026705574e-02
28  -9.69592696520088850876e-03
29  -6.93617840927661117451e-03
30  -3.61450192967394242846e-03
31  -7.53523679971455830756e-03
32  -1.44600135276950758634e-02
33  -2.02133259566721103229e-02
34  -2.43290749299195120658e-02
35  -2.64738269429242237263e-02
36  -2.64738269429241473985e-02
37  -2.43290749299195883937e-02
38  -2.02133259566724191036e-02
39  -1.44600135276945866714e-02
40  -7.53523679971472310629e-03
41  -1.42019723190773619614e-02
42  -2.72533853032460755828e-02
43  -3.80968910922687489795e-02
44  -4.58540133359302964910e-02
45  -4.98963161234331695204e-02
46  -4.98963161234330168647e-02
47  -4.58540133359304560856e-02
48  -3.80968910922690542908e-02
49  -2.72533853032453261822e-02
50  -1.42019723190777037020e-02
51  -2.45985376243307851674e-02
52  -4.72042480234733455302e-02
53  -6.59857509822272120248e-02
54  -7.94214808287723311730e-02
55  -8.64229546363046857715e-02
56  -8.64229546363043943380e-02
57  -7.94214808287698054157e-02
58  -6.59857509822272259026e-02
59  -4.72042480234731651190e-02
60  -2.45985376243306463895e-02
61  -3.91542389525038961318e-02
62  -7.51364343242986870708e-02
63  -1.05031522640724614415e-01
64  -1.26417581639312825992e-01
65  -1.37562040007787517171e-01
66  -1.37562040007790903351e-01
67  -1.26417581639315074193e-01
68  -1.05031522640724239714e-01
69  -7.51364343243008936390e-02
70  -3.91542389525021683472e-02
71  -5.63445088762612039668e-02
72  -1.08124320737067985965e-01
73  -1.51144543171842560270e-01
74  -1.81919933610054124218e-01
75  -1.97957252946680622996e-01
76  -1.97957252946680678507e-01
77  -1.81919933610054124218e-01
78  -1.51144543171846584828e-01
79  -1.08124320737064322229e-01
80  -5.63445088762628346069e-02
81  -6.98141001929578342011e-02
82  -1.33972277188722815877e-01
83  -1.87276817050469668313e-01
84  -2.25409302972903513584e-01
85  -2.45280467729213524919e-01
86  -2.45280467729218631945e-01
87  -2.25409302972897573891e-01
88  -1.87276817050468585846e-01
89  -1.33972277188724814279e-01
90  -6.98141001929546006766e-02
91  -6.30132642677833504363e-02
92  -1.20921568618906544179e-01
93  -1.69033526628783042911e-01
94  -2.03451393592281953859e-01
95  -2.21386838618977260795e-01
96  -2.21386838618963355252e-01
97  -2.03451393592293500179e-01
98  -1.69033526628783459245e-01
99  -1.20921568618903532699e-01
100  -6.30132642677895815631e-02
