1.000000e+00
9.214516e-09
9.999848e-01
1.391373e-02
2.011277e-02
1.718579e-08
1.284930e-03
4.518752e-06
1.029584e-10
2.520243e-11
7.027397e-08
7.113510e-08
1.635931e-08
1.050198e-08
1.249147e-08
1.008661e-06
1.009002e-06
1.805094e-09
2.805789e-08
3.633985e-08
1.913965e-08
1.139107e-08
2.049094e-08
1.774209e-08
2.168816e-08
1.318809e-06
1.355561e-06
2.877638e-07
1.669360e-07
1.087362e-07
1.356396e-07
4.961941e-08
6.059414e-08
1.058581e-07
8.419175e-08
1.560991e-07
1.350776e-06
1.234214e-06
4.089051e-08
4.041611e-08
6.068037e-08
7.879928e-08
4.941505e-08
1.422355e-08
2.734406e-08
4.480886e-08
3.261608e-08
4.108545e-08
4.483899e-08
2.951598e-08
2.975969e-08
2.128721e-08
7.582641e-08
6.012271e-08
8.198144e-09
9.505278e-09
4.622598e-08
4.372076e-08
9.472693e-09
2.705545e-09
5.105136e-08
4.231758e-07
4.723223e-07
2.998545e-07
1.721614e-08
1.159366e-07
1.134109e-07
1.151034e-09
1.908795e-10
1.888506e-08
5.679839e-08
4.929150e-08
2.296883e-08
3.426748e-08
2.509805e-08
2.520219e-08
8.444080e-09
2.508151e-08
3.909410e-07
3.771692e-07
3.482987e-08
5.832774e-08
6.866495e-08
3.385362e-08
1.507118e-08
1.383454e-08
1.673214e-08
6.478561e-08
7.899466e-08
2.251922e-08
2.815741e-08
1.281374e-07
1.285635e-07
3.644374e-08
4.697656e-08
8.810183e-08
5.061960e-07
5.303295e-07
3.886581e-07
3.936933e-07
2.299763e-09
1.008557e-07
1.192879e-07
5.588446e-08
5.135279e-08
1.429958e-08
7.356071e-08
7.189253e-08
9.030425e-08
9.003213e-08
1.804389e-08
1.168075e-07
1.176277e-07
3.634914e-08
4.806984e-08
4.843739e-08
1.610481e-09
4.422369e-08
1.220099e-06
1.308922e-06
2.054354e-07
1.677577e-06
1.677932e-06
2.791721e-07
3.056504e-07
7.264912e-07
7.222637e-07
7.731914e-08
1.824155e-08
9.131375e-08
1.873895e-07
1.666262e-07
7.439110e-09
1.239940e-08
8.646045e-08
9.281512e-08
1.734205e-08
1.245794e-08
7.747025e-08
5.874838e-08
1.033245e-09
4.273424e-08
4.307499e-08
9.805962e-09
1.991915e-08
2.884948e-08
3.298581e-08
1.200055e-08
5.619923e-07
5.578047e-07
7.222085e-09
1.929691e-08
2.725327e-08
3.193894e-08
3.307261e-08
4.624893e-08
2.296396e-08
2.512438e-08
4.450933e-09
1.163216e-08
1.458672e-08
5.377268e-09
2.386261e-09
3.420151e-08
7.519442e-08
5.545567e-08
6.574041e-08
2.574285e-07
2.424750e-07
2.219921e-08
6.383672e-08
6.029332e-08
4.721567e-08
1.644856e-07
1.428828e-07
5.167341e-09
3.879887e-08
3.353666e-08
1.403121e-08
1.220885e-08
7.285410e-08
7.399316e-08
1.008382e-09
1.237931e-09
5.897739e-09
5.892540e-09
2.308510e-08
2.215476e-08
4.951529e-09
5.177957e-09
5.952498e-09
1.133339e-08
3.863571e-08
2.796552e-08
1.949434e-07
7.311715e-06
7.354449e-06
4.634399e-08
2.374860e-08
1.618852e-07
1.526594e-07
1.128705e-08
1.505476e-05
1.504841e-05
3.681988e-07
1.600178e-10
1.578006e-09
1.776109e-09
9.347605e-09
9.608594e-09
4.686551e-10
1.321059e-09
6.685416e-09
1.431630e-08
2.570045e-08
4.479674e-08
4.847158e-08
3.356044e-05
3.356043e-05
5.091519e-07
5.521122e-07
1.235086e-07
1.870411e-08
3.055310e-08
2.301517e-06
2.295716e-06
4.688615e-08
6.068033e-08
6.314835e-08
3.643907e-08
1.779837e-07
3.355135e-07
2.268252e-07
1.367243e-08
5.563627e-08
5.939665e-08
5.163460e-07
5.108838e-07
3.265912e-08
4.551393e-07
5.049998e-07
2.544456e-07
9.018090e-08
8.849891e-08
2.718385e-07
2.607362e-07
8.919724e-08
1.458447e-07
1.334927e-07
1.126281e-07
9.183041e-08
4.846359e-08
1.014995e-07
2.166188e-07
2.556866e-07
4.439696e-08
3.410146e-08
4.462370e-06
4.488568e-06
6.289195e-08
1.162204e-06
1.169950e-06
1.670453e-07
2.608430e-07
1.378349e-07
9.319246e-09
5.381139e-09
2.492880e-08
1.002879e-07
1.022459e-07
6.672549e-09
1.171224e-07
1.231169e-07
3.348745e-08
3.507672e-08
3.033169e-08
5.817166e-09
2.694491e-08
2.410108e-08
4.154365e-08
4.104822e-08
6.259862e-09
4.487508e-07
4.109138e-07
3.501542e-08
7.712225e-09
8.471451e-08
8.454414e-08
1.282999e-08
1.192406e-08
8.741769e-08
8.743945e-08
1.071294e-08
1.615816e-08
1.315834e-08
3.688079e-10
3.299426e-09
5.402117e-09
3.163824e-09
4.408781e-09
1.662077e-07
1.547394e-07
2.011400e-08
1.968028e-14
