%%MatrixMarket vector coordinate real general
100
1   1.20483397655805619768e-03
2   1.57799692434207826895e-03
3   8.61902471518128038622e-04
4  -4.49144754166704734434e-04
5  -1.45015699824055312346e-03
6  -1.45015699824043299386e-03
7  -4.49144754166496838668e-04
8   8.61902471518442348832e-04
9   1.57799692434236623305e-03
10   1.20483397655821557540e-03
11   4.00460447174312735019e-03
12   5.24491644705263153348e-03
13   2.86477519625416565674e-03
14  -1.49285887183789192992e-03
15  -4.82000450923078613968e-03
16  -4.82000450923056062563e-03
17  -1.49285887183720671414e-03
18   2.86477519625505036571e-03
19   5.24491644705342083266e-03
20   4.00460447174361914430e-03
21   9.69592696520072024058e-03
22   1.26989636974224710808e-02
23   6.93617840927642989590e-03
24  -3.61450192967396888299e-03
25  -1.16701691823020616695e-02
26  -1.16701691823016366623e-02
27  -3.61450192967272205050e-03
28   6.93617840927801803524e-03
29   1.26989636974239213096e-02
30   9.69592696520163443985e-03
31   2.02133259566720825673e-02
32   2.64738269429225549223e-02
33   1.44600135276930063383e-02
34  -7.53523679971580644110e-03
35  -2.43290749299206222889e-02
36  -2.43290749299199943190e-02
37  -7.53523679971440131509e-03
38   1.44600135276949266772e-02
39   2.64738269429244527098e-02
40   2.02133259566729742152e-02
41   3.80968910922666811891e-02
42   4.98963161234301580405e-02
43   2.72533853032424777663e-02
44  -1.42019723190823631692e-02
45  -4.58540133359345569719e-02
46  -4.58540133359346194220e-02
47  -1.42019723190817490771e-02
48   2.72533853032429600194e-02
49   4.98963161234305951908e-02
50   3.80968910922672154840e-02
51   6.59857509822259907795e-02
52   8.64229546363017159250e-02
53   4.72042480234695013830e-02
54  -2.45985376243351740178e-02
55  -7.94214808287787427110e-02
56  -7.94214808287799084452e-02
57  -2.45985376243386434647e-02
58   4.72042480234650466131e-02
59   8.64229546362976497331e-02
60   6.59857509822234095109e-02
61   1.05031522640727056905e-01
62   1.37562040007795705066e-01
63   7.51364343243056675981e-02
64  -3.91542389525008083240e-02
65  -1.26417581639314102748e-01
66  -1.26417581639318210573e-01
67  -3.91542389525133052719e-02
68   7.51364343242906240761e-02
69   1.37562040007781105633e-01
70   1.05031522640718841255e-01
71   1.51144543171859269126e-01
72   1.97957252946703216034e-01
73   1.08124320737091897393e-01
74  -5.63445088762356618983e-02
75  -1.81919933610036083094e-01
76  -1.81919933610044992633e-01
77  -5.63445088762608986555e-02
78   1.08124320737058909891e-01
79   1.97957252946673045724e-01
80   1.51144543171841200246e-01
81   1.87276817050495369976e-01
82   2.45280467729261458798e-01
83   1.33972277188781990764e-01
84  -6.98141001928988952363e-02
85  -2.25409302972850472679e-01
86  -2.25409302972866765202e-01
87  -6.98141001929368648637e-02
88   1.33972277188730226616e-01
89   2.45280467729214995964e-01
90   1.87276817050467725423e-01
91   1.69033526628815072845e-01
92   2.21386838619024084451e-01
93   1.20921568618977709475e-01
94  -6.30132642677125459629e-02
95  -2.03451393592221918549e-01
96  -2.03451393592238072294e-01
97  -6.30132642677507376350e-02
98   1.20921568618924502037e-01
99   2.21386838618977649373e-01
100   1.69033526628785568668e-01
