1.000000e+00
2.958118e+00
1.006438e+00
4.674195e+00
2.539016e+00
8.556202e-01
4.134335e-01
2.147031e-01
1.136445e-01
6.047189e-02
3.222614e-02
1.718096e-02
9.160915e-03
4.884782e-03
2.604688e-03
1.388889e-03
7.405930e-04
3.949043e-04
2.105737e-04
1.122836e-04
5.987266e-05
3.192573e-05
1.702367e-05
9.077481e-06
4.840359e-06
2.581011e-06
1.376265e-06
7.338619e-07
3.913151e-07
2.086599e-07
1.112632e-07
5.932859e-08
3.163567e-08
1.686900e-08
8.995009e-09
4.796384e-09
2.557566e-09
1.363768e-09
7.271979e-10
3.877618e-10
2.067664e-10
1.102541e-10
5.879174e-11
3.135030e-11
1.671473e-11
8.902268e-12
4.723574e-12
2.450775e-12
1.121473e-12
2.771824e-13
