1.000000e+00
4.612530e-01
4.611984e-01
3.743822e-01
2.421884e-01
1.551529e-01
1.052632e-01
7.456547e-02
5.401158e-02
3.953622e-02
2.908886e-02
2.146286e-02
1.586576e-02
1.174548e-02
8.706447e-03
6.461587e-03
4.801224e-03
3.571703e-03
2.660176e-03
1.983631e-03
1.480924e-03
1.106962e-03
8.284554e-04
6.207968e-04
4.657812e-04
3.499246e-04
2.632291e-04
1.982746e-04
1.495474e-04
1.129468e-04
8.541911e-05
6.468794e-05
4.905448e-05
3.724939e-05
2.832314e-05
2.156452e-05
1.644023e-05
1.254979e-05
9.592156e-06
7.340661e-06
5.624456e-06
4.314578e-06
3.313550e-06
2.547594e-06
1.960793e-06
1.510709e-06
1.165090e-06
8.993950e-07
6.949206e-07
5.373976e-07
4.159241e-07
3.221607e-07
2.497201e-07
1.937047e-07
1.503543e-07
1.167788e-07
9.075481e-08
7.056957e-08
5.490263e-08
4.273493e-08
3.327926e-08
2.592704e-08
2.020732e-08
1.575542e-08
1.228870e-08
9.587963e-09
7.483108e-09
5.842031e-09
4.562087e-09
3.563470e-09
2.784103e-09
2.175669e-09
1.700551e-09
1.329442e-09
1.039504e-09
8.129340e-10
6.358449e-10
4.974042e-10
3.891578e-10
3.045062e-10
2.382959e-10
1.865021e-10
1.459804e-10
1.142734e-10
8.946104e-11
7.004185e-11
5.484202e-11
4.294373e-11
3.362899e-11
2.633624e-11
2.062619e-11
1.615495e-11
1.265356e-11
9.911542e-12
7.763998e-12
6.082015e-12
4.764610e-12
3.732650e-12
2.924330e-12
2.291092e-12
1.795051e-12
1.406418e-12
1.101952e-12
8.634125e-13
