%%MatrixMarket vector coordinate real general
100
1  -3.91650040796009957234e-02
2  -4.63084818055046858187e-03
3  -8.83824328039725520823e-02
4  -3.58522327188302708523e-02
5  -7.90045401663767299372e-02
6  -7.90045401663945490167e-02
7  -3.58522327187967351780e-02
8  -8.83824328039964079995e-02
9  -4.63084818079525541157e-03
10  -3.91650040797151197114e-02
11  -4.63084818079579057376e-03
12   1.26452339085112996919e-01
13   1.95825020397641519354e-02
14   1.58908677075364379583e-01
15   9.61738675880355192715e-02
16   9.61738675879164339744e-02
17   1.58908677075381615795e-01
18   1.95825020399156383977e-02
19   1.26452339085239756633e-01
20  -4.63084818051672907763e-03
21  -8.83824328039562318038e-02
22   1.95825020399483830380e-02
23  -1.92347735175912276651e-01
24  -4.23255906830084446812e-02
25  -1.53334915853801712071e-01
26  -1.53334915853849007572e-01
27  -4.23255906829471326147e-02
28  -1.92347735175913470140e-01
29   1.95825020397560403684e-02
30  -8.83824328040286461006e-02
31  -3.58522327188127015729e-02
32   1.58908677075439763726e-01
33  -4.23255906829796343938e-02
34   1.76764865608003390873e-01
35   6.32261695426187819713e-02
36   6.32261695425801323323e-02
37   1.76764865608008470144e-01
38  -4.23255906829868577823e-02
39   1.58908677075333570894e-01
40  -3.58522327188105643936e-02
41  -7.90045401664846436152e-02
42   9.61738675878699711408e-02
43  -1.53334915853869019342e-01
44   6.32261695426123843111e-02
45  -7.17044654375930401446e-02
46  -7.17044654376256945794e-02
47   6.32261695425895275946e-02
48  -1.53334915853768738447e-01
49   9.61738675880696725073e-02
50  -7.90045401663057866859e-02
51  -7.90045401663074381426e-02
52   9.61738675880584592548e-02
53  -1.53334915853763964488e-01
54   6.32261695425880287935e-02
55  -7.17044654376278595143e-02
56  -7.17044654375952883463e-02
57   6.32261695426063891068e-02
58  -1.53334915853860026536e-01
59   9.61738675878722054646e-02
60  -7.90045401664719454393e-02
61  -3.58522327188241576867e-02
62   1.58908677075311283167e-01
63  -4.23255906829744857345e-02
64   1.76764865608017768261e-01
65   6.32261695425961472994e-02
66   6.32261695426139247456e-02
67   1.76764865607983601148e-01
68  -4.23255906829864483876e-02
69   1.58908677075439069837e-01
70  -3.58522327187995870634e-02
71  -8.83824328040127976669e-02
72   1.95825020397454550858e-02
73  -1.92347735175946110697e-01
74  -4.23255906829553413262e-02
75  -1.53334915853855807688e-01
76  -1.53334915853781644790e-01
77  -4.23255906829757208576e-02
78  -1.92347735175905920624e-01
79   1.95825020399138932659e-02
80  -8.83824328039767848075e-02
81  -4.63084818052727532900e-03
82   1.26452339085229903404e-01
83   1.95825020399113362835e-02
84   1.58908677075376730814e-01
85   9.61738675879074550457e-02
86   9.61738675880295101894e-02
87   1.58908677075380838639e-01
88   1.95825020397573761055e-02
89   1.26452339085126652662e-01
90  -4.63084818078204462494e-03
91  -3.91650040796808762700e-02
92  -4.63084818075923214387e-03
93  -8.83824328040019868702e-02
94  -3.58522327188102174489e-02
95  -7.90045401664204727243e-02
96  -7.90045401663861945885e-02
97  -3.58522327188226172523e-02
98  -8.83824328039579110161e-02
99  -4.63084818054535721915e-03
100  -3.91650040796112999808e-02
