1.000000e+00
7.102347e-01
1.391665e+00
6.530992e-01
5.591740e-01
5.083553e-01
4.691146e-01
4.356789e-01
4.058555e-01
3.786791e-01
3.536640e-01
3.305217e-01
3.090515e-01
2.890965e-01
2.705252e-01
2.532239e-01
2.370917e-01
2.220384e-01
2.079828e-01
1.948515e-01
1.825776e-01
1.711002e-01
1.603635e-01
1.503163e-01
1.409117e-01
1.321061e-01
1.238597e-01
1.161353e-01
1.088987e-01
1.021179e-01
9.576342e-02
8.980774e-02
8.422522e-02
7.899202e-02
7.408586e-02
6.948598e-02
6.517298e-02
6.112876e-02
5.733637e-02
5.377998e-02
5.044478e-02
4.731690e-02
4.438338e-02
4.163206e-02
3.905158e-02
3.663127e-02
3.436115e-02
3.223187e-02
3.023467e-02
2.836133e-02
2.660414e-02
2.495590e-02
2.340984e-02
2.195960e-02
2.059925e-02
1.932320e-02
1.812623e-02
1.700342e-02
1.595019e-02
1.496221e-02
1.403544e-02
1.316608e-02
1.235059e-02
1.158561e-02
1.086802e-02
1.019488e-02
9.563432e-03
8.971102e-03
8.415462e-03
7.894239e-03
7.405300e-03
6.946646e-03
6.516400e-03
6.112803e-03
5.734203e-03
5.379054e-03
5.045901e-03
4.733382e-03
4.440220e-03
4.165215e-03
3.907243e-03
3.665249e-03
3.438242e-03
3.225296e-03
3.025538e-03
2.838152e-03
2.662372e-03
2.497479e-03
2.342799e-03
2.197699e-03
2.061585e-03
1.933902e-03
1.814127e-03
1.701770e-03
1.596372e-03
1.497501e-03
1.404754e-03
1.317751e-03
1.236137e-03
1.159578e-03
1.087760e-03
1.020390e-03
9.571929e-04
8.979097e-04
8.422982e-04
7.901309e-04
7.411946e-04
6.952891e-04
6.522268e-04
6.118315e-04
5.739381e-04
5.383916e-04
5.050466e-04
4.737669e-04
4.444244e-04
4.168992e-04
3.910788e-04
3.668576e-04
3.441365e-04
3.228226e-04
3.028288e-04
2.840732e-04
2.664793e-04
2.499751e-04
2.344930e-04
2.199698e-04
2.063461e-04
1.935662e-04
1.815778e-04
1.703319e-04
1.597825e-04
1.498865e-04
1.406033e-04
1.318951e-04
1.237263e-04
1.160634e-04
1.088751e-04
1.021320e-04
9.580647e-05
8.987276e-05
8.430654e-05
7.908507e-05
7.418698e-05
6.959225e-05
6.528210e-05
6.123889e-05
5.744610e-05
5.388821e-05
5.055067e-05
4.741985e-05
4.448293e-05
4.172790e-05
3.914351e-05
3.671918e-05
3.444500e-05
3.231167e-05
3.031046e-05
2.843320e-05
2.667221e-05
2.502028e-05
2.347067e-05
2.201703e-05
2.065341e-05
1.937426e-05
1.817432e-05
1.704871e-05
1.599281e-05
1.500230e-05
1.407314e-05
1.320153e-05
1.238390e-05
1.161691e-05
1.089743e-05
1.022250e-05
9.589376e-06
8.995464e-06
8.438335e-06
7.915712e-06
7.425457e-06
6.965566e-06
6.534157e-06
6.129468e-06
5.749843e-06
5.393730e-06
5.059673e-06
4.746305e-06
4.452345e-06
4.176592e-06
3.917917e-06
3.675263e-06
3.447638e-06
3.234111e-06
3.033808e-06
2.845911e-06
2.669651e-06
2.504308e-06
2.349205e-06
2.203708e-06
2.067223e-06
1.939191e-06
1.819088e-06
1.706424e-06
1.600738e-06
1.501597e-06
1.408596e-06
1.321356e-06
1.239518e-06
1.162750e-06
1.090735e-06
1.023181e-06
9.598112e-07
9.003659e-07
8.446023e-07
7.922923e-07
7.432222e-07
6.971912e-07
6.540110e-07
6.135053e-07
5.755082e-07
5.398644e-07
5.064282e-07
4.750629e-07
4.456402e-07
4.180397e-07
3.921487e-07
3.678612e-07
3.450779e-07
3.237057e-07
3.036572e-07
2.848504e-07
2.672083e-07
2.506589e-07
2.351345e-07
2.205716e-07
2.069106e-07
1.940958e-07
1.820746e-07
1.707979e-07
1.602196e-07
1.502965e-07
1.409880e-07
1.322560e-07
1.240648e-07
1.163809e-07
1.091729e-07
1.024114e-07
9.606857e-08
9.011862e-08
8.453718e-08
7.930142e-08
7.438993e-08
6.978264e-08
6.546069e-08
6.140642e-08
5.760325e-08
5.403563e-08
5.068896e-08
4.754957e-08
4.460462e-08
4.184206e-08
3.925059e-08
3.681963e-08
3.453923e-08
3.240006e-08
3.039338e-08
2.851099e-08
2.674518e-08
2.508873e-08
2.353488e-08
2.207726e-08
2.070992e-08
1.942726e-08
1.822404e-08
1.709535e-08
1.603656e-08
1.504334e-08
1.411164e-08
1.323765e-08
1.241778e-08
1.164869e-08
1.092724e-08
1.025047e-08
9.615609e-09
9.020072e-09
8.461420e-09
7.937367e-09
7.445770e-09
6.984621e-09
6.552033e-09
6.146237e-09
5.765573e-09
5.408486e-09
5.073514e-09
4.759289e-09
4.464525e-09
4.188017e-09
3.928635e-09
3.685317e-09
3.457069e-09
3.242957e-09
3.042106e-09
2.853695e-09
2.676953e-09
2.511158e-09
2.355631e-09
2.209736e-09
2.072877e-09
1.944494e-09
1.824063e-09
1.711091e-09
1.605115e-09
1.505703e-09
1.412448e-09
1.324969e-09
1.242907e-09
1.165928e-09
1.093717e-09
1.025978e-09
9.624342e-10
9.028260e-10
8.469096e-10
7.944564e-10
7.452516e-10
6.990943e-10
6.557955e-10
6.151785e-10
5.770770e-10
5.413353e-10
5.078074e-10
4.763565e-10
4.468537e-10
4.191780e-10
3.932165e-10
3.688627e-10
3.460172e-10
3.245866e-10
3.044832e-10
2.856245e-10
2.679332e-10
2.513372e-10
2.357690e-10
2.211652e-10
2.074660e-10
1.946159e-10
1.825625e-10
1.712556e-10
1.606492e-10
1.506991e-10
1.413643e-10
1.326078e-10
1.243938e-10
1.166883e-10
1.094601e-10
1.026790e-10
9.631729e-11
9.035033e-11
8.475300e-11
7.950219e-11
7.457692e-11
6.995866e-11
6.562847e-11
6.156407e-11
5.774664e-11
5.416152e-11
5.079772e-11
4.764282e-11
4.468483e-11
4.191274e-11
3.931250e-11
3.687462e-11
3.458955e-11
3.244652e-11
3.043507e-11
2.854577e-11
2.676570e-11
2.509537e-11
2.353324e-11
2.206611e-11
2.068998e-11
1.939821e-11
1.818329e-11
1.704136e-11
1.596117e-11
1.495283e-11
1.401644e-11
1.314138e-11
1.232282e-11
1.155501e-11
1.083354e-11
1.015062e-11
9.492964e-12
8.871742e-12
8.297047e-12
7.756747e-12
7.254380e-12
6.789235e-12
6.345562e-12
5.917193e-12
5.505480e-12
5.105044e-12
4.692029e-12
4.329151e-12
4.020039e-12
3.697578e-12
3.371489e-12
3.047342e-12
2.749742e-12
2.479061e-12
2.234432e-12
2.001766e-12
1.725956e-12
1.392145e-12
1.123326e-12
8.741705e-13
