1.000000e+00
9.937438e-01
9.942795e-01
9.996056e-01
1.011340e+00
1.032625e+00
1.067715e+00
1.121510e+00
1.198561e+00
1.301442e+00
1.428665e+00
1.572612e+00
1.718319e+00
1.844500e+00
1.928252e+00
1.953189e+00
1.917152e+00
1.834035e+00
1.727868e+00
1.623163e+00
1.537182e+00
1.476906e+00
1.440290e+00
1.419832e+00
1.406376e+00
1.391922e+00
1.371173e+00
1.342015e+00
1.305168e+00
1.263277e+00
1.219738e+00
1.177616e+00
1.138935e+00
1.104441e+00
1.073778e+00
1.045905e+00
1.019569e+00
9.936818e-01
9.675422e-01
9.408926e-01
9.138514e-01
8.867707e-01
8.600774e-01
8.341410e-01
8.091942e-01
7.853111e-01
7.624328e-01
7.404185e-01
7.191022e-01
6.983388e-01
6.780310e-01
6.581357e-01
6.386556e-01
6.196214e-01
6.010727e-01
5.830424e-01
5.655475e-01
5.485866e-01
5.321428e-01
5.161900e-01
5.006992e-01
4.856438e-01
4.710029e-01
4.567620e-01
4.429119e-01
4.294470e-01
4.163629e-01
4.036547e-01
3.913159e-01
3.793384e-01
3.677121e-01
3.564263e-01
3.454702e-01
3.348332e-01
3.245057e-01
3.144787e-01
3.047442e-01
2.952947e-01
2.861230e-01
2.772222e-01
2.685850e-01
2.602044e-01
2.520732e-01
2.441845e-01
2.365312e-01
2.291066e-01
2.219042e-01
2.149176e-01
2.081408e-01
2.015679e-01
1.951932e-01
1.890111e-01
1.830162e-01
1.772031e-01
1.715667e-01
1.661019e-01
1.608037e-01
1.556672e-01
1.506879e-01
1.458611e-01
1.411824e-01
1.366476e-01
1.322524e-01
1.279928e-01
1.238648e-01
1.198645e-01
1.159882e-01
1.122322e-01
1.085930e-01
1.050672e-01
1.016513e-01
9.834218e-02
9.513655e-02
9.203137e-02
8.902365e-02
8.611046e-02
8.328898e-02
8.055646e-02
7.791021e-02
7.534764e-02
7.286623e-02
7.046351e-02
6.813712e-02
6.588472e-02
6.370408e-02
6.159300e-02
5.954938e-02
5.757113e-02
5.565628e-02
5.380286e-02
5.200900e-02
5.027286e-02
4.859268e-02
4.696671e-02
4.539328e-02
4.387077e-02
4.239760e-02
4.097224e-02
3.959320e-02
3.825903e-02
3.696834e-02
3.571976e-02
3.451199e-02
3.334373e-02
3.221375e-02
3.112085e-02
3.006385e-02
2.904162e-02
2.805307e-02
2.709713e-02
2.617277e-02
2.527898e-02
2.441479e-02
2.357926e-02
2.277147e-02
2.199055e-02
2.123562e-02
2.050586e-02
1.980046e-02
1.911864e-02
1.845964e-02
1.782272e-02
1.720717e-02
1.661230e-02
1.603744e-02
1.548194e-02
1.494518e-02
1.442654e-02
1.392544e-02
1.344129e-02
1.297356e-02
1.252170e-02
1.208520e-02
1.166354e-02
1.125625e-02
1.086284e-02
1.048287e-02
1.011588e-02
9.761458e-03
9.419178e-03
9.088641e-03
8.769457e-03
8.461249e-03
8.163652e-03
7.876313e-03
7.598888e-03
7.331048e-03
7.072471e-03
6.822848e-03
6.581877e-03
6.349269e-03
6.124741e-03
5.908023e-03
5.698850e-03
5.496967e-03
5.302129e-03
5.114096e-03
4.932637e-03
4.757530e-03
4.588557e-03
4.425512e-03
4.268190e-03
4.116397e-03
3.969944e-03
3.828648e-03
3.692331e-03
3.560824e-03
3.433960e-03
3.311580e-03
3.193529e-03
3.079658e-03
2.969822e-03
2.863881e-03
2.761701e-03
2.663151e-03
2.568105e-03
2.476441e-03
2.388041e-03
2.302791e-03
2.220581e-03
2.141305e-03
2.064860e-03
1.991147e-03
1.920069e-03
1.851534e-03
1.785453e-03
1.721739e-03
1.660308e-03
1.601080e-03
1.543977e-03
1.488923e-03
1.435846e-03
1.384675e-03
1.335343e-03
1.287785e-03
1.241936e-03
1.197736e-03
1.155127e-03
1.114050e-03
1.074452e-03
1.036279e-03
9.994796e-04
9.640050e-04
9.298074e-04
8.968407e-04
8.650605e-04
8.344240e-04
8.048899e-04
7.764183e-04
7.489706e-04
7.225099e-04
6.970002e-04
6.724070e-04
6.486971e-04
6.258382e-04
6.037995e-04
5.825509e-04
5.620638e-04
5.423103e-04
5.232637e-04
5.048980e-04
4.871885e-04
4.701111e-04
4.536427e-04
4.377610e-04
4.224446e-04
4.076727e-04
3.934254e-04
3.796834e-04
3.664283e-04
3.536422e-04
3.413080e-04
3.294091e-04
3.179295e-04
3.068539e-04
2.961676e-04
2.858563e-04
2.759063e-04
2.663044e-04
2.570379e-04
2.480947e-04
2.394628e-04
2.311311e-04
2.230887e-04
2.153250e-04
2.078299e-04
2.005938e-04
1.936073e-04
1.868614e-04
1.803475e-04
1.740574e-04
1.679828e-04
1.621163e-04
1.564504e-04
1.509780e-04
1.456922e-04
1.405864e-04
1.356544e-04
1.308900e-04
1.262874e-04
1.218409e-04
1.175452e-04
1.133949e-04
1.093852e-04
1.055111e-04
1.017681e-04
9.815158e-05
9.465734e-05
9.128122e-05
8.801924e-05
8.486755e-05
8.182247e-05
7.888043e-05
7.603800e-05
7.329189e-05
7.063891e-05
6.807598e-05
6.560016e-05
6.320859e-05
6.089851e-05
5.866728e-05
5.651232e-05
5.443115e-05
5.242140e-05
5.048076e-05
4.860698e-05
4.679791e-05
4.505148e-05
4.336566e-05
4.173851e-05
4.016813e-05
3.865270e-05
3.719046e-05
3.577969e-05
3.441873e-05
3.310599e-05
3.183989e-05
3.061894e-05
2.944166e-05
2.830666e-05
2.721254e-05
2.615797e-05
2.514168e-05
2.416239e-05
2.321889e-05
2.231001e-05
2.143459e-05
2.059153e-05
1.977974e-05
1.899819e-05
1.824584e-05
1.752173e-05
1.682489e-05
1.615439e-05
1.550933e-05
1.488885e-05
1.429208e-05
1.371822e-05
1.316645e-05
1.263601e-05
1.212615e-05
1.163614e-05
1.116528e-05
1.071287e-05
1.027827e-05
9.860816e-06
9.459899e-06
9.074913e-06
8.705275e-06
8.350418e-06
8.009797e-06
7.682880e-06
7.369156e-06
7.068128e-06
6.779316e-06
6.502256e-06
6.236500e-06
5.981613e-06
5.737176e-06
5.502784e-06
5.278045e-06
5.062581e-06
4.856027e-06
4.658030e-06
4.468250e-06
4.286357e-06
4.112037e-06
3.944982e-06
3.784897e-06
3.631499e-06
3.484514e-06
3.343678e-06
3.208735e-06
3.079442e-06
2.955562e-06
2.836868e-06
2.723142e-06
2.614173e-06
2.509758e-06
2.409704e-06
2.313824e-06
2.221936e-06
2.133870e-06
2.049458e-06
1.968542e-06
1.890969e-06
1.816592e-06
1.745271e-06
1.676870e-06
1.611260e-06
1.548318e-06
1.487925e-06
1.429968e-06
1.374338e-06
1.320932e-06
1.269649e-06
1.220397e-06
1.173084e-06
1.127624e-06
1.083934e-06
1.041938e-06
1.001560e-06
9.627282e-07
9.253764e-07
8.894402e-07
8.548584e-07
8.215732e-07
7.895298e-07
7.586761e-07
7.289626e-07
7.003428e-07
6.727722e-07
6.462090e-07
6.206135e-07
5.959480e-07
5.721772e-07
5.492672e-07
5.271863e-07
5.059043e-07
4.853927e-07
4.656243e-07
4.465734e-07
4.282157e-07
4.105279e-07
3.934879e-07
3.770747e-07
3.612682e-07
3.460490e-07
3.313988e-07
3.172998e-07
3.037351e-07
2.906882e-07
2.781433e-07
2.660849e-07
2.544984e-07
2.433692e-07
2.326832e-07
2.224269e-07
2.125868e-07
2.031499e-07
1.941034e-07
1.854349e-07
1.771321e-07
1.691830e-07
1.615759e-07
1.542991e-07
1.473414e-07
1.406916e-07
1.343387e-07
1.282721e-07
1.224812e-07
1.169557e-07
1.116854e-07
1.066604e-07
1.018710e-07
9.730770e-08
9.296105e-08
8.882198e-08
8.488156e-08
8.113106e-08
7.756197e-08
7.416597e-08
7.093498e-08
6.786108e-08
6.493661e-08
6.215410e-08
5.950628e-08
5.698612e-08
5.458679e-08
5.230167e-08
5.012440e-08
4.804879e-08
4.606891e-08
4.417907e-08
4.237377e-08
4.064779e-08
3.899615e-08
3.741410e-08
3.589719e-08
3.444142e-08
3.304444e-08
3.160779e-08
3.036591e-08
2.946945e-08
2.810192e-08
2.658093e-08
2.527089e-08
2.424233e-08
2.339013e-08
2.259207e-08
2.177121e-08
2.089088e-08
1.994573e-08
1.895606e-08
1.795564e-08
1.697638e-08
1.603776e-08
1.514703e-08
1.430881e-08
1.353132e-08
1.282159e-08
1.217966e-08
1.159923e-08
1.107135e-08
1.058707e-08
1.013824e-08
9.717251e-09
9.316739e-09
8.930250e-09
8.553965e-09
8.187458e-09
7.832176e-09
7.489396e-09
7.159516e-09
6.842387e-09
6.537714e-09
6.245175e-09
5.964358e-09
5.694683e-09
5.435482e-09
5.186239e-09
4.946784e-09
4.717189e-09
4.497513e-09
4.287657e-09
4.087373e-09
3.896327e-09
3.714157e-09
3.540488e-09
3.374959e-09
3.217219e-09
3.066924e-09
2.923699e-09
2.787135e-09
2.656816e-09
2.532367e-09
2.413478e-09
2.299895e-09
2.191415e-09
2.087873e-09
1.989148e-09
1.895141e-09
1.805728e-09
1.720704e-09
1.639771e-09
1.562594e-09
1.488867e-09
1.418360e-09
1.350909e-09
1.286407e-09
1.224789e-09
1.166024e-09
1.110099e-09
1.056976e-09
1.006551e-09
9.586397e-10
9.130141e-10
8.694590e-10
8.278082e-10
7.879507e-10
7.498203e-10
7.133855e-10
6.786405e-10
6.455915e-10
6.142304e-10
5.845053e-10
5.563091e-10
5.294991e-10
5.039333e-10
4.794988e-10
4.561194e-10
4.337519e-10
4.123777e-10
3.919969e-10
3.726179e-10
3.542419e-10
3.368439e-10
3.203645e-10
3.047186e-10
2.898173e-10
2.755870e-10
2.619770e-10
2.489581e-10
2.365185e-10
2.246583e-10
2.133840e-10
2.026988e-10
1.925912e-10
1.830293e-10
1.739640e-10
1.653418e-10
1.571162e-10
1.492543e-10
1.417366e-10
1.345549e-10
1.277088e-10
1.212023e-10
1.150381e-10
1.092115e-10
1.037054e-10
9.849259e-11
9.354153e-11
8.882383e-11
8.431853e-11
8.001282e-11
7.590085e-11
7.198191e-11
6.825812e-11
6.473142e-11
6.139977e-11
5.825456e-11
5.528083e-11
5.246052e-11
4.977667e-11
4.721626e-11
4.477098e-11
4.243679e-11
4.021281e-11
3.810003e-11
3.609962e-11
3.421081e-11
3.242928e-11
3.074703e-11
2.915393e-11
2.764005e-11
2.619748e-11
2.482096e-11
2.350772e-11
2.225694e-11
2.106900e-11
1.994452e-11
1.888324e-11
1.788306e-11
1.693975e-11
1.604776e-11
1.520140e-11
1.439595e-11
1.362814e-11
1.289615e-11
1.219928e-11
1.153762e-11
1.091146e-11
1.032073e-11
9.764418e-12
9.240345e-12
8.745516e-12
8.276739e-12
7.831255e-12
7.407072e-12
7.003005e-12
6.618543e-12
6.253630e-12
5.908395e-12
5.582815e-12
5.276405e-12
4.988071e-12
4.716227e-12
4.459113e-12
4.215149e-12
3.983145e-12
3.762355e-12
3.552416e-12
3.353238e-12
3.164858e-12
2.987266e-12
2.820235e-12
2.663222e-12
2.515401e-12
2.375824e-12
2.243602e-12
2.118039e-12
1.998675e-12
1.885266e-12
1.777725e-12
1.676051e-12
1.580234e-12
1.490169e-12
1.405588e-12
1.326072e-12
1.251118e-12
1.180237e-12
1.113028e-12
1.049217e-12
9.886442e-13
