%%MatrixMarket vector coordinate real general
1000
1   1.00000000000000177636e+00
2   1.00000000000000044409e+00
3   9.99999999999999111822e-01
4   1.00000000000000088818e+00
5   1.00000000000000066613e+00
6   9.99999999999999888978e-01
7   9.99999999999999000799e-01
8   9.99999999999999222844e-01
9   9.99999999999999888978e-01
10   9.99999999999999444888e-01
11   1.00000000000000066613e+00
12   9.99999999999998445688e-01
13   9.99999999999999888978e-01
14   9.99999999999998778755e-01
15   9.99999999999999333866e-01
16   9.99999999999999333866e-01
17   9.99999999999999888978e-01
18   9.99999999999998889777e-01
19   9.99999999999998556710e-01
20   9.99999999999998889777e-01
21   9.99999999999996669331e-01
22   9.99999999999997113420e-01
23   9.99999999999996780353e-01
24   9.99999999999998223643e-01
25   9.99999999999997779554e-01
26   9.99999999999998889777e-01
27   9.99999999999998001599e-01
28   9.99999999999996669331e-01
29   9.99999999999999111822e-01
30   9.99999999999995670130e-01
31   9.99999999999997113420e-01
32   9.99999999999999000799e-01
33   9.99999999999997335465e-01
34   9.99999999999998334665e-01
35   9.99999999999997335465e-01
36   1.00000000000000044409e+00
37   1.00000000000000044409e+00
38   1.00000000000000066613e+00
39   9.99999999999998556710e-01
40   9.99999999999999777955e-01
41   9.99999999999999333866e-01
42   9.99999999999999000799e-01
43   9.99999999999998556710e-01
44   9.99999999999999555911e-01
45   1.00000000000000000000e+00
46   9.99999999999998667732e-01
47   9.99999999999998112621e-01
48   9.99999999999999444888e-01
49   9.99999999999998001599e-01
50   1.00000000000000000000e+00
51   9.99999999999998778755e-01
52   9.99999999999998445688e-01
53   1.00000000000000000000e+00
54   9.99999999999995559108e-01
55   9.99999999999998889777e-01
56   1.00000000000000000000e+00
57   9.99999999999999777955e-01
58   1.00000000000000000000e+00
59   9.99999999999999222844e-01
60   9.99999999999997557509e-01
61   9.99999999999999888978e-01
62   1.00000000000000000000e+00
63   1.00000000000000000000e+00
64   9.99999999999998001599e-01
65   9.99999999999999555911e-01
66   9.99999999999999555911e-01
67   9.99999999999997446487e-01
68   9.99999999999998778755e-01
69   1.00000000000000088818e+00
70   9.99999999999999000799e-01
71   1.00000000000000222045e+00
72   1.00000000000000022204e+00
73   9.99999999999998778755e-01
74   9.99999999999999888978e-01
75   9.99999999999999555911e-01
76   9.99999999999999777955e-01
77   9.99999999999998556710e-01
78   9.99999999999999777955e-01
79   1.00000000000000000000e+00
80   9.99999999999999555911e-01
81   9.99999999999999666933e-01
82   9.99999999999998889777e-01
83   1.00000000000000000000e+00
84   9.99999999999999333866e-01
85   1.00000000000000155431e+00
86   9.99999999999998112621e-01
87   1.00000000000000000000e+00
88   9.99999999999998667732e-01
89   9.99999999999999111822e-01
90   9.99999999999998001599e-01
91   9.99999999999999333866e-01
92   9.99999999999998778755e-01
93   1.00000000000000000000e+00
94   9.99999999999999555911e-01
95   1.00000000000000066613e+00
96   1.00000000000000044409e+00
97   1.00000000000000000000e+00
98   1.00000000000000000000e+00
99   1.00000000000000177636e+00
100   1.00000000000000000000e+00
101   1.00000000000000066613e+00
102   9.99999999999999333866e-01
103   1.00000000000000000000e+00
104   1.00000000000000044409e+00
105   9.99999999999999222844e-01
106   9.99999999999998223643e-01
107   9.99999999999999000799e-01
108   9.99999999999997890576e-01
109   1.00000000000000088818e+00
110   9.99999999999999111822e-01
111   9.99999999999999666933e-01
112   9.99999999999998667732e-01
113   9.99999999999998889777e-01
114   1.00000000000000155431e+00
115   9.99999999999999000799e-01
116   9.99999999999999777955e-01
117   9.99999999999999777955e-01
118   9.99999999999998445688e-01
119   9.99999999999998223643e-01
120   9.99999999999999555911e-01
121   9.99999999999996558309e-01
122   1.00000000000000000000e+00
123   1.00000000000000177636e+00
124   9.99999999999999222844e-01
125   1.00000000000000000000e+00
126   1.00000000000000000000e+00
127   9.99999999999998667732e-01
128   9.99999999999999444888e-01
129   9.99999999999998223643e-01
130   9.99999999999998112621e-01
131   9.99999999999999555911e-01
132   9.99999999999998445688e-01
133   9.99999999999998334665e-01
134   9.99999999999998001599e-01
135   1.00000000000000000000e+00
136   9.99999999999998778755e-01
137   9.99999999999997002398e-01
138   9.99999999999999444888e-01
139   9.99999999999999333866e-01
140   1.00000000000000199840e+00
141   1.00000000000000044409e+00
142   9.99999999999999777955e-01
143   9.99999999999998556710e-01
144   9.99999999999998001599e-01
145   1.00000000000000000000e+00
146   1.00000000000000022204e+00
147   1.00000000000000022204e+00
148   1.00000000000000000000e+00
149   1.00000000000000133227e+00
150   1.00000000000000111022e+00
151   1.00000000000000000000e+00
152   1.00000000000000111022e+00
153   9.99999999999999666933e-01
154   1.00000000000000111022e+00
155   1.00000000000000177636e+00
156   1.00000000000000155431e+00
157   1.00000000000000111022e+00
158   1.00000000000000111022e+00
159   1.00000000000000177636e+00
160   1.00000000000000333067e+00
161   1.00000000000000177636e+00
162   1.00000000000000088818e+00
163   1.00000000000000244249e+00
164   1.00000000000000244249e+00
165   1.00000000000000155431e+00
166   1.00000000000000310862e+00
167   1.00000000000000310862e+00
168   1.00000000000000222045e+00
169   1.00000000000000310862e+00
170   1.00000000000000466294e+00
171   1.00000000000000399680e+00
172   1.00000000000000421885e+00
173   1.00000000000000133227e+00
174   1.00000000000000444089e+00
175   1.00000000000000333067e+00
176   1.00000000000000466294e+00
177   1.00000000000000222045e+00
178   1.00000000000000510703e+00
179   1.00000000000000555112e+00
180   1.00000000000000532907e+00
181   1.00000000000000643929e+00
182   1.00000000000000599520e+00
183   1.00000000000000688338e+00
184   1.00000000000000710543e+00
185   1.00000000000000710543e+00
186   1.00000000000000754952e+00
187   1.00000000000000799361e+00
188   1.00000000000000777156e+00
189   1.00000000000000643929e+00
190   1.00000000000000599520e+00
191   1.00000000000000643929e+00
192   1.00000000000000555112e+00
193   1.00000000000000577316e+00
194   1.00000000000000355271e+00
195   1.00000000000000643929e+00
196   1.00000000000000355271e+00
197   1.00000000000000333067e+00
198   1.00000000000000355271e+00
199   1.00000000000000466294e+00
200   1.00000000000000266454e+00
201   1.00000000000000510703e+00
202   1.00000000000000222045e+00
203   1.00000000000000421885e+00
204   1.00000000000000199840e+00
205   1.00000000000000377476e+00
206   1.00000000000000488498e+00
207   1.00000000000000732747e+00
208   1.00000000000000444089e+00
209   1.00000000000000333067e+00
210   1.00000000000000088818e+00
211   1.00000000000000599520e+00
212   1.00000000000000133227e+00
213   1.00000000000000333067e+00
214   1.00000000000000399680e+00
215   1.00000000000000555112e+00
216   1.00000000000000288658e+00
217   1.00000000000000310862e+00
218   9.99999999999993227640e-01
219   1.00000000000000066613e+00
220   1.00000000000000199840e+00
221   1.00000000000000088818e+00
222   1.00000000000000022204e+00
223   9.99999999999996336264e-01
224   9.99999999999996780353e-01
225   9.99999999999996225242e-01
226   9.99999999999997113420e-01
227   9.99999999999997002398e-01
228   9.99999999999997668532e-01
229   9.99999999999997224442e-01
230   9.99999999999997002398e-01
231   9.99999999999997779554e-01
232   9.99999999999998112621e-01
233   9.99999999999997002398e-01
234   1.00000000000000000000e+00
235   9.99999999999999333866e-01
236   9.99999999999997335465e-01
237   9.99999999999998667732e-01
238   9.99999999999995226041e-01
239   9.99999999999993782751e-01
240   9.99999999999995781153e-01
241   9.99999999999996447286e-01
242   9.99999999999993116617e-01
243   9.99999999999996114219e-01
244   9.99999999999991340260e-01
245   9.99999999999992339461e-01
246   9.99999999999990563104e-01
247   9.99999999999991007194e-01
248   9.99999999999990230037e-01
249   9.99999999999991673327e-01
250   9.99999999999990341060e-01
251   9.99999999999988120614e-01
252   9.99999999999987787547e-01
253   9.99999999999988453681e-01
254   9.99999999999984678922e-01
255   9.99999999999982014387e-01
256   9.99999999999981903365e-01
257   9.99999999999977795540e-01
258   9.99999999999977351450e-01
259   9.99999999999976241227e-01
260   9.99999999999974020781e-01
261   9.99999999999972466469e-01
262   9.99999999999967692510e-01
263   9.99999999999966693309e-01
264   9.99999999999962807529e-01
265   9.99999999999962807529e-01
266   9.99999999999956146191e-01
267   9.99999999999952038365e-01
268   9.99999999999950706098e-01
269   9.99999999999948152585e-01
270   9.99999999999941158180e-01
271   9.99999999999936051154e-01
272   9.99999999999933941730e-01
273   9.99999999999927613459e-01
274   9.99999999999922284388e-01
275   9.99999999999915512028e-01
276   9.99999999999907074333e-01
277   9.99999999999901856285e-01
278   9.99999999999896860281e-01
279   9.99999999999888200541e-01
280   9.99999999999879318757e-01
281   9.99999999999871880263e-01
282   9.99999999999862332345e-01
283   9.99999999999849897847e-01
284   9.99999999999838795617e-01
285   9.99999999999828470543e-01
286   9.99999999999814259688e-01
287   9.99999999999801936212e-01
288   9.99999999999786282068e-01
289   9.99999999999770960990e-01
290   9.99999999999754529689e-01
291   9.99999999999737876344e-01
292   9.99999999999720778909e-01
293   9.99999999999697908315e-01
294   9.99999999999676925100e-01
295   9.99999999999653943483e-01
296   9.99999999999634403558e-01
297   9.99999999999604427536e-01
298   9.99999999999579558541e-01
299   9.99999999999551580920e-01
300   9.99999999999524380456e-01
301   9.99999999999493072167e-01
302   9.99999999999461652855e-01
303   9.99999999999426458785e-01
304   9.99999999999394817429e-01
305   9.99999999999355737579e-01
306   9.99999999999324318267e-01
307   9.99999999999280908547e-01
308   9.99999999999239719273e-01
309   9.99999999999195199329e-01
310   9.99999999999147126672e-01
311   9.99999999999093502900e-01
312   9.99999999999040767307e-01
313   9.99999999998987032512e-01
314   9.99999999998926303313e-01
315   9.99999999998864352868e-01
316   9.99999999998799515843e-01
317   9.99999999998732347350e-01
318   9.99999999998657851386e-01
319   9.99999999998581245997e-01
320   9.99999999998500754828e-01
321   9.99999999998416710945e-01
322   9.99999999998324451411e-01
323   9.99999999998231858811e-01
324   9.99999999998131161583e-01
325   9.99999999998022803815e-01
326   9.99999999997913002758e-01
327   9.99999999997793542761e-01
328   9.99999999997669530849e-01
329   9.99999999997538524532e-01
330   9.99999999997403188345e-01
331   9.99999999997259414464e-01
332   9.99999999997105759597e-01
333   9.99999999996944000102e-01
334   9.99999999996774135980e-01
335   9.99999999996596389273e-01
336   9.99999999996408539538e-01
337   9.99999999996208699393e-01
338   9.99999999995999533375e-01
339   9.99999999995778265927e-01
340   9.99999999995545230114e-01
341   9.99999999995301203093e-01
342   9.99999999995042632150e-01
343   9.99999999994769295242e-01
344   9.99999999994485411214e-01
345   9.99999999994182209306e-01
346   9.99999999993865795744e-01
347   9.99999999993532950882e-01
348   9.99999999993179344848e-01
349   9.99999999992810417737e-01
350   9.99999999992420285366e-01
351   9.99999999992010280003e-01
352   9.99999999991576959957e-01
353   9.99999999991123100784e-01
354   9.99999999990645815906e-01
355   9.99999999990140331363e-01
356   9.99999999989611310092e-01
357   9.99999999989052312799e-01
358   9.99999999988463672551e-01
359   9.99999999987850496375e-01
360   9.99999999987200904883e-01
361   9.99999999986514787054e-01
362   9.99999999985798138091e-01
363   9.99999999985045739948e-01
364   9.99999999984246157325e-01
365   9.99999999983410048365e-01
366   9.99999999982529974574e-01
367   9.99999999981603826527e-01
368   9.99999999980634712848e-01
369   9.99999999979610754153e-01
370   9.99999999978536835421e-01
371   9.99999999977403297713e-01
372   9.99999999976218689746e-01
373   9.99999999974969133731e-01
374   9.99999999973658293406e-01
375   9.99999999972277842097e-01
376   9.99999999970828667983e-01
377   9.99999999969306108127e-01
378   9.99999999967705943682e-01
379   9.99999999966026620335e-01
380   9.99999999964257701990e-01
381   9.99999999962399188647e-01
382   9.99999999960455077108e-01
383   9.99999999958401386557e-01
384   9.99999999956249774336e-01
385   9.99999999953991025592e-01
386   9.99999999951616036498e-01
387   9.99999999949124362963e-01
388   9.99999999946506124004e-01
389   9.99999999943758322019e-01
390   9.99999999940870409887e-01
391   9.99999999937839278985e-01
392   9.99999999934657601841e-01
393   9.99999999931317273827e-01
394   9.99999999927809746225e-01
395   9.99999999924128690765e-01
396   9.99999999920264670550e-01
397   9.99999999916209914019e-01
398   9.99999999911953318943e-01
399   9.99999999907487446826e-01
400   9.99999999902798641926e-01
401   9.99999999897880909039e-01
402   9.99999999892717261751e-01
403   9.99999999887303925306e-01
404   9.99999999881620915687e-01
405   9.99999999875662015647e-01
406   9.99999999869408795483e-01
407   9.99999999862849042742e-01
408   9.99999999855968435547e-01
409   9.99999999848753096110e-01
410   9.99999999841184150640e-01
411   9.99999999833247943393e-01
412   9.99999999824926044667e-01
413   9.99999999816195694891e-01
414   9.99999999807045347744e-01
415   9.99999999797449357075e-01
416   9.99999999787389626249e-01
417   9.99999999776840509114e-01
418   9.99999999765783242900e-01
419   9.99999999754189961010e-01
420   9.99999999742040901474e-01
421   9.99999999729304756002e-01
422   9.99999999715956433555e-01
423   9.99999999701964070731e-01
424   9.99999999687302687512e-01
425   9.99999999671935868584e-01
426   9.99999999655839411083e-01
427   9.99999999638967684845e-01
428   9.99999999621291268959e-01
429   9.99999999602773859131e-01
430   9.99999999583370047240e-01
431   9.99999999563045083306e-01
432   9.99999999541750672627e-01
433   9.99999999519448512508e-01
434   9.99999999496083868955e-01
435   9.99999999471613665314e-01
436   9.99999999445983722701e-01
437   9.99999999419142415746e-01
438   9.99999999391035121477e-01
439   9.99999999361599223313e-01
440   9.99999999330778099882e-01
441   9.99999999298506692114e-01
442   9.99999999264717831515e-01
443   9.99999999229341129947e-01
444   9.99999999192305422113e-01
445   9.99999999153530994001e-01
446   9.99999999112942461466e-01
447   9.99999999070458778228e-01
448   9.99999999025987462709e-01
449   9.99999998979443915914e-01
450   9.99999998930727218571e-01
451   9.99999998879746221370e-01
452   9.99999998826393898810e-01
453   9.99999998770563558459e-01
454   9.99999998712141180413e-01
455   9.99999998651009525119e-01
456   9.99999998587047578269e-01
457   9.99999998520129884660e-01
458   9.99999998450119997884e-01
459   9.99999998376878029838e-01
460   9.99999998300259873574e-01
461   9.99999998220111652181e-01
462   9.99999998136279488747e-01
463   9.99999998048590410527e-01
464   9.99999997956880437577e-01
465   9.99999997860963718566e-01
466   9.99999997760651959666e-01
467   9.99999997655749539582e-01
468   9.99999997546053509545e-01
469   9.99999997431344822552e-01
470   9.99999997311409760670e-01
471   9.99999997186004740968e-01
472   9.99999997054892175719e-01
473   9.99999996917820155318e-01
474   9.99999996774521893173e-01
475   9.99999996624719500460e-01
476   9.99999996468125207372e-01
477   9.99999996304442362316e-01
478   9.99999996133353330485e-01
479   9.99999995954534148801e-01
480   9.99999995767642979594e-01
481   9.99999995572321220827e-01
482   9.99999995368202942991e-01
483   9.99999995154898124738e-01
484   9.99999994932004088177e-01
485   9.99999994699098837536e-01
486   9.99999994455743279609e-01
487   9.99999994201481778866e-01
488   9.99999993935836273273e-01
489   9.99999993658308383715e-01
490   9.99999993368379080927e-01
491   9.99999993065507686296e-01
492   9.99999992749129096303e-01
493   9.99999992418653227411e-01
494   9.99999992073473342735e-01
495   9.99999991712947511324e-01
496   9.99999991336408156073e-01
497   9.99999990943157501810e-01
498   9.99999990532479010596e-01
499   9.99999990103611069436e-01
500   9.99999989655774301767e-01
501   9.99999989188142812679e-01
502   9.99999988699861730446e-01
503   9.99999988190043986869e-01
504   9.99999987657763100835e-01
505   9.99999987102048626397e-01
506   9.99999986521893258207e-01
507   9.99999985916247280393e-01
508   9.99999985284015679987e-01
509   9.99999984624066917682e-01
510   9.99999983935201952612e-01
511   9.99999983216188659263e-01
512   9.99999982465734515991e-01
513   9.99999981682503924496e-01
514   9.99999980865092785720e-01
515   9.99999980012042710698e-01
516   9.99999979121837134777e-01
517   9.99999978192897542861e-01
518   9.99999977223574920693e-01
519   9.99999976212150643029e-01
520   9.99999975156844689295e-01
521   9.99999974055788554139e-01
522   9.99999972907051781768e-01
523   9.99999971708614876498e-01
524   9.99999970458369857873e-01
525   9.99999969154138690364e-01
526   9.99999967793637312141e-01
527   9.99999966374489401844e-01
528   9.99999964894231929691e-01
529   9.99999963350291176667e-01
530   9.99999961739985399056e-01
531   9.99999960060528603201e-01
532   9.99999958309021885761e-01
533   9.99999956482439111838e-01
534   9.99999954577636906983e-01
535   9.99999952591340668384e-01
536   9.99999950520146119182e-01
537   9.99999948360499879563e-01
538   9.99999946108711790238e-01
539   9.99999943760938703186e-01
540   9.99999941313187368230e-01
541   9.99999938761285012134e-01
542   9.99999936100902653280e-01
543   9.99999933327537338101e-01
544   9.99999930436493378316e-01
545   9.99999927422888679196e-01
546   9.99999924281645524715e-01
547   9.99999921007476477719e-01
548   9.99999917594882159477e-01
549   9.99999914038142367900e-01
550   9.99999910331301311572e-01
551   9.99999906468163946016e-01
552   9.99999902442292532001e-01
553   9.99999898246977103611e-01
554   9.99999893875247791719e-01
555   9.99999889319845958191e-01
556   9.99999884573233188689e-01
557   9.99999879627551990779e-01
558   9.99999874474640559896e-01
559   9.99999869106009353636e-01
560   9.99999863512824771483e-01
561   9.99999857685899717907e-01
562   9.99999851615684387518e-01
563   9.99999845292236844152e-01
564   9.99999838705230348346e-01
565   9.99999831843923936425e-01
566   9.99999824697136219243e-01
567   9.99999817253253042715e-01
568   9.99999809500195291356e-01
569   9.99999801425401124710e-01
570   9.99999793015807214580e-01
571   9.99999784257837531776e-01
572   9.99999775137372814982e-01
573   9.99999765639735027634e-01
574   9.99999755749672036842e-01
575   9.99999745451310206867e-01
576   9.99999734728170275311e-01
577   9.99999723563102516088e-01
578   9.99999711938291846458e-01
579   9.99999699835216415700e-01
580   9.99999687234624845544e-01
581   9.99999674116509695843e-01
582   9.99999660460070383117e-01
583   9.99999646243695639036e-01
584   9.99999631444914660605e-01
585   9.99999616040392003136e-01
586   9.99999600005858635399e-01
587   9.99999583316106166464e-01
588   9.99999565944931223527e-01
589   9.99999547865109805755e-01
590   9.99999529048351654126e-01
591   9.99999509465262614860e-01
592   9.99999489085303339131e-01
593   9.99999467876738323824e-01
594   9.99999445806594056130e-01
595   9.99999422840623264364e-01
596   9.99999398943232309378e-01
597   9.99999374077454539211e-01
598   9.99999348204881011171e-01
599   9.99999321285614639621e-01
600   9.99999293278209244740e-01
601   9.99999264139613264213e-01
602   9.99999233825106359497e-01
603   9.99999202288241906267e-01
604   9.99999169480771055163e-01
605   9.99999135352586554504e-01
606   9.99999099851642370140e-01
607   9.99999062923885961851e-01
608   9.99999024513187784180e-01
609   9.99998984561240367164e-01
610   9.99998943007512464121e-01
611   9.99998899789127926319e-01
612   9.99998854840809192623e-01
613   9.99998808094754276787e-01
614   9.99998759480581700387e-01
615   9.99998708925193713348e-01
616   9.99998656352701242866e-01
617   9.99998601684309096349e-01
618   9.99998544838205605245e-01
619   9.99998485729454711368e-01
620   9.99998424269877839166e-01
621   9.99998360367928995629e-01
622   9.99998293928574866207e-01
623   9.99998224853151485014e-01
624   9.99998153039254433772e-01
625   9.99998078380570643020e-01
626   9.99998000766747718870e-01
627   9.99997920083247393563e-01
628   9.99997836211175106236e-01
629   9.99997749027133786548e-01
630   9.99997658403048439446e-01
631   9.99997564205991729125e-01
632   9.99997466298002457563e-01
633   9.99997364535907706795e-01
634   9.99997258771126551480e-01
635   9.99997148849461114928e-01
636   9.99997034610898949403e-01
637   9.99996915889396875698e-01
638   9.99996792512649723683e-01
639   9.99996664301876059255e-01
640   9.99996531071560723625e-01
641   9.99996392629213914915e-01
642   9.99996248775122498209e-01
643   9.99996099302075114323e-01
644   9.99995943995080849298e-01
645   9.99995782631106777671e-01
646   9.99995614978750446689e-01
647   9.99995440797956658407e-01
648   9.99995259839699501825e-01
649   9.99995071845632743646e-01
650   9.99994876547775635167e-01
651   9.99994673668141653700e-01
652   9.99994462918380566663e-01
653   9.99994243999396403844e-01
654   9.99994016600961099783e-01
655   9.99993780401303378191e-01
656   9.99993535066684535728e-01
657   9.99993280250967786493e-01
658   9.99993015595170398058e-01
659   9.99992740726987294764e-01
660   9.99992455260315105114e-01
661   9.99992158794741237138e-01
662   9.99991850915039837133e-01
663   9.99991531190615901004e-01
664   9.99991199174965816887e-01
665   9.99990854405084617085e-01
666   9.99990496400880335415e-01
667   9.99990124664555835032e-01
668   9.99989738679954220935e-01
669   9.99989337911919906610e-01
670   9.99988921805591068903e-01
671   9.99988489785700318535e-01
672   9.99988041255838289167e-01
673   9.99987575597681033202e-01
674   9.99987092170220304155e-01
675   9.99986590308931111437e-01
676   9.99986069324932835833e-01
677   9.99985528504118592608e-01
678   9.99984967106238187284e-01
679   9.99984384363970746357e-01
680   9.99983779481950607604e-01
681   9.99983151635758682474e-01
682   9.99982499970897165120e-01
683   9.99981823601685637648e-01
684   9.99981121610172829506e-01
685   9.99980393044977322603e-01
686   9.99979636920084624663e-01
687   9.99978852213616709044e-01
688   9.99978037866566915604e-01
689   9.99977192781447477010e-01
690   9.99976315820947037061e-01
691   9.99975405806497796846e-01
692   9.99974461516833668107e-01
693   9.99973481686422194237e-01
694   9.99972465003944654960e-01
695   9.99971410110646941050e-01
696   9.99970315598650905109e-01
697   9.99969180009244951179e-01
698   9.99968001831022523795e-01
699   9.99966779498090430067e-01
700   9.99965511388076655486e-01
701   9.99964195820177148555e-01
702   9.99962831053134881820e-01
703   9.99961415282993648646e-01
704   9.99959946640947450192e-01
705   9.99958423191062872881e-01
706   9.99956842927904543394e-01
707   9.99955203774077427958e-01
708   9.99953503577717284223e-01
709   9.99951740109849773752e-01
710   9.99949911061697394032e-01
711   9.99948014041867283552e-01
712   9.99946046573463420692e-01
713   9.99944006091067927322e-01
714   9.99941889937670524979e-01
715   9.99939695361429792264e-01
716   9.99937419512375691433e-01
717   9.99935059438964546352e-01
718   9.99932612084539207409e-01
719   9.99930074283650660583e-01
720   9.99927442758261175726e-01
721   9.99924714113820778394e-01
722   9.99921884835206276065e-01
723   9.99918951282507739720e-01
724   9.99915909686705739468e-01
725   9.99912756145162395782e-01
726   9.99909486616979537033e-01
727   9.99906096918198872281e-01
728   9.99902582716828525200e-01
729   9.99898939527709473829e-01
730   9.99895162707197249219e-01
731   9.99891247447686870586e-01
732   9.99887188771905410789e-01
733   9.99882981527065228811e-01
734   9.99878620378776172828e-01
735   9.99874099804774152389e-01
736   9.99869414088431551768e-01
737   9.99864557312043378268e-01
738   9.99859523349886480936e-01
739   9.99854305861050729476e-01
740   9.99848898282026388173e-01
741   9.99843293819031697645e-01
742   9.99837485440089102084e-01
743   9.99831465866832469480e-01
744   9.99825227566040641847e-01
745   9.99818762740877553519e-01
746   9.99812063321841582031e-01
747   9.99805120957420134786e-01
748   9.99797927004408171214e-01
749   9.99790472517914308170e-01
750   9.99782748241041296922e-01
751   9.99774744594193798264e-01
752   9.99766451664044542014e-01
753   9.99757859192132225523e-01
754   9.99748956563068724712e-01
755   9.99739732792350732637e-01
756   9.99730176513771273683e-01
757   9.99720275966397342593e-01
758   9.99710018981130210669e-01
759   9.99699392966793443094e-01
760   9.99688384895777937267e-01
761   9.99676981289195132341e-01
762   9.99665168201528064884e-01
763   9.99652931204794037434e-01
764   9.99640255372146957491e-01
765   9.99627125260973525833e-01
766   9.99613524895388794178e-01
767   9.99599437748156294248e-01
768   9.99584846722039732647e-01
769   9.99569734130493658952e-01
770   9.99554081677723194055e-01
771   9.99537870438112596716e-01
772   9.99521080834917086122e-01
773   9.99503692618300632056e-01
774   9.99485684842608690381e-01
775   9.99467035842909079513e-01
776   9.99447723210749039424e-01
777   9.99427723769105602614e-01
778   9.99407013546525613279e-01
779   9.99385567750381342833e-01
780   9.99363360739280448541e-01
781   9.99340365994524471027e-01
782   9.99316556090661833878e-01
783   9.99291902665052300669e-01
784   9.99266376386432786383e-01
785   9.99239946922435340326e-01
786   9.99212582906063184751e-01
787   9.99184251901042763677e-01
788   9.99154920366037924140e-01
789   9.99124553617714572518e-01
790   9.99093115792541008879e-01
791   9.99060569807386000818e-01
792   9.99026877318812012163e-01
793   9.98991998681001525107e-01
794   9.98955892902354980478e-01
795   9.98918517600640654130e-01
796   9.98879828956662274564e-01
797   9.98839781666454151754e-01
798   9.98798328891874809266e-01
799   9.98755422209606114059e-01
800   9.98711011558493511053e-01
801   9.98665045185141764250e-01
802   9.98617469587767647710e-01
803   9.98568229458204781324e-01
804   9.98517267622027193674e-01
805   9.98464524976717560101e-01
806   9.98409940427831266163e-01
807   9.98353450823085242227e-01
808   9.98294990884294630717e-01
809   9.98234493137119760497e-01
810   9.98171887838499416468e-01
811   9.98107102901781284565e-01
812   9.98040063819361389363e-01
813   9.97970693582879153638e-01
814   9.97898912600788334792e-01
815   9.97824638613271641674e-01
816   9.97747786604404884869e-01
817   9.97668268711485728417e-01
818   9.97585994131422570952e-01
819   9.97500869024113834271e-01
820   9.97412796412689761638e-01
821   9.97321676080566099643e-01
822   9.97227404465143796308e-01
823   9.97129874548112749011e-01
824   9.97028975742221823531e-01
825   9.96924593774375700228e-01
826   9.96816610565003369260e-01
827   9.96704904103541955429e-01
828   9.96589348319910306451e-01
829   9.96469812951863986861e-01
830   9.96346163408086016311e-01
831   9.96218260626900886656e-01
832   9.96085960930442659844e-01
833   9.95949115874164347950e-01
834   9.95807572091508386158e-01
835   9.95661171133643385645e-01
836   9.95509749304030688855e-01
837   9.95353137487739014766e-01
838   9.95191160975277044898e-01
839   9.95023639280815497266e-01
840   9.94850385954622606910e-01
841   9.94671208389476757539e-01
842   9.94485907620948239583e-01
843   9.94294278121293118033e-01
844   9.94096107586788790833e-01
845   9.93891176718302071791e-01
846   9.93679258994890957091e-01
847   9.93460120440175176171e-01
848   9.93233519381325091757e-01
849   9.92999206200351536289e-01
850   9.92756923077543040890e-01
851   9.92506403726732266968e-01
852   9.92247373122198683681e-01
853   9.91979547216873425164e-01
854   9.91702632651668913866e-01
855   9.91416326455567320508e-01
856   9.91120315736256141115e-01
857   9.90814277360934081429e-01
858   9.90497877627078859852e-01
859   9.90170771922781245422e-01
860   9.89832604376373326183e-01
861   9.89483007494993849207e-01
862   9.89121601791751237087e-01
863   9.88747995401147883321e-01
864   9.88361783682378591820e-01
865   9.87962548810136564903e-01
866   9.87549859352559233905e-01
867   9.87123269835870398303e-01
868   9.86682320295367398799e-01
869   9.86226535812278370940e-01
870   9.85755426036088455710e-01
871   9.85268484691866897052e-01
872   9.84765189072142499427e-01
873   9.84244999512844720435e-01
874   9.83707358852829005791e-01
875   9.83151691876464672859e-01
876   9.82577404738789406125e-01
877   9.81983884372663595741e-01
878   9.81370497877390945973e-01
879   9.80736591888238584680e-01
880   9.80081491926249492863e-01
881   9.79404501727769383201e-01
882   9.78704902553043543101e-01
883   9.77981952473244708912e-01
884   9.77234885635296479656e-01
885   9.76462911503767294619e-01
886   9.75665214079169840211e-01
887   9.74840951091935248307e-01
888   9.73989253171305691126e-01
889   9.73109222988391531217e-01
890   9.72199934372599328114e-01
891   9.71260431400615686925e-01
892   9.70289727457106621067e-01
893   9.69286804266290435983e-01
894   9.68250610893454211059e-01
895   9.67180062715546573493e-01
896   9.66074040359864771865e-01
897   9.64931388609894025166e-01
898   9.63750915277266972936e-01
899   9.62531390038860901193e-01
900   9.61271543237915748747e-01
901   9.59970064648124399298e-01
902   9.58625602199551507532e-01
903   9.57236760665221342315e-01
904   9.55802100307192925577e-01
905   9.54320135480873577016e-01
906   9.52789333196329857323e-01
907   9.51208111635274189410e-01
908   9.49574838622392669585e-01
909   9.47887830049640944807e-01
910   9.46145348252048434823e-01
911   9.44345600333633017343e-01
912   9.42486736441838557354e-01
913   9.40566847989003806951e-01
914   9.38583965819240528816e-01
915   9.36536058319046849086e-01
916   9.34421029470022590502e-01
917   9.32236716841869705874e-01
918   9.29980889523934650676e-01
919   9.27651245993407869150e-01
920   9.25245411918294902165e-01
921   9.22760937893174704172e-01
922   9.20195297105748877264e-01
923   9.17545882932089496009e-01
924   9.14810006458435687193e-01
925   9.11984893927350159792e-01
926   9.09067684105950846174e-01
927   9.06055425573886963342e-01
928   9.02945073928670072227e-01
929   8.99733488905837264227e-01
930   8.96417431411452803047e-01
931   8.92993560464281799227e-01
932   8.89458430044939740711e-01
933   8.85808485849268301138e-01
934   8.82040061943041076020e-01
935   8.78149377315021073542e-01
936   8.74132532325443412091e-01
937   8.69985505046672380480e-01
938   8.65704147492899811489e-01
939   8.61284181735554765780e-01
940   8.56721195900989940242e-01
941   8.52010640046997003161e-01
942   8.47147821914473353466e-01
943   8.42127902550573459450e-01
944   8.36945891799521168863e-01
945   8.31596643657103951064e-01
946   8.26074851484843830640e-01
947   8.20375043079665466905e-01
948   8.14491575594744721123e-01
949   8.08418630307164653992e-01
950   8.02150207227798617282e-01
951   7.95680119548755504510e-01
952   7.89001987923581893369e-01
953   7.82109234575244727239e-01
954   7.74995077226824036210e-01
955   7.67652522849660456927e-01
956   7.60074361223518790709e-01
957   7.52253158303286983966e-01
958   7.44181249386425380798e-01
959   7.35850732075309599267e-01
960   7.27253459028410764731e-01
961   7.18381030494088856919e-01
962   7.09224786620569203066e-01
963   6.99775799535507170290e-01
964   6.90024865188366032243e-01
965   6.79962494948629592173e-01
966   6.69578906952611130343e-01
967   6.58864017191528317241e-01
968   6.47807430333189993021e-01
969   6.36398430269470738452e-01
970   6.24625970381537332088e-01
971   6.12478663514495536013e-01
972   5.99944771652999087053e-01
973   5.87012195288946658778e-01
974   5.73668462472327611579e-01
975   5.59900717535881109477e-01
976   5.45695709484023572244e-01
977   5.31039780036199338120e-01
978   5.15918851314560722443e-01
979   5.00318413165556030719e-01
980   4.84223510104718035674e-01
981   4.67618727873641226722e-01
982   4.50488179597819449196e-01
983   4.32815491533681817593e-01
984   4.14583788392838326065e-01
985   3.95775678231196137435e-01
986   3.76373236890257201193e-01
987   3.56357991977545529583e-01
988   3.35710906372726103353e-01
989   3.14412361245617388850e-01
990   2.92442138571868681662e-01
991   2.69779403131701678298e-01
992   2.46402683976673142485e-01
993   2.22289855348995285533e-01
994   1.97418117037507001577e-01
995   1.71763974153935489175e-01
996   1.45303216312612948347e-01
997   1.18010896196344555742e-01
998   8.98613074906205316905e-02
999   6.08279621678587331668e-02
1000   3.08835671028453925824e-02
