%%MatrixMarket vector coordinate real general
100
1  -4.49144754152390988933e-04
2   8.61902471493354777922e-04
3  -1.20483397653140737564e-03
4   1.45015699822034120972e-03
5  -1.57799692433454588278e-03
6   1.57799692434947209409e-03
7  -1.45015699826142184688e-03
8   1.20483397658464213599e-03
9  -8.61902471542637838194e-04
10   4.49144754181506370913e-04
11   1.49285887178969654127e-03
12  -2.86477519617255862658e-03
13   4.00460447165393047114e-03
14  -4.82000450916414240055e-03
15   5.24491644702679195994e-03
16  -5.24491644707832625760e-03
17   4.82000450929891827156e-03
18  -4.00460447183233984175e-03
19   2.86477519633531515358e-03
20  -1.49285887188701669667e-03
21  -3.61450192955691928381e-03
22   6.93617840907832794439e-03
23  -9.69592696498674036509e-03
24   1.16701691821373618185e-02
25  -1.26989636973626873057e-02
26   1.26989636974828030286e-02
27  -1.16701691824679584797e-02
28   9.69592696541514940944e-03
29  -6.93617840947493690534e-03
30   3.61450192979122578163e-03
31   7.53523679946871850072e-03
32  -1.44600135272838249689e-02
33   2.02133259562224769368e-02
34  -2.43290749295793432005e-02
35   2.64738269427939355849e-02
36  -2.64738269430540539007e-02
37   2.43290749302596219505e-02
38  -2.02133259571230100571e-02
39   1.44600135281053414349e-02
40  -7.53523679995994448422e-03
41  -1.42019723186177643237e-02
42   2.72533853024668447362e-02
43  -3.80968910914265754264e-02
44   4.58540133352807119382e-02
45  -4.98963161231967544662e-02
46   4.98963161236687102740e-02
47  -4.58540133365796728770e-02
48   3.80968910931098608819e-02
49  -2.72533853040251815292e-02
50   1.42019723195383855419e-02
51   2.45985376235282292290e-02
52  -4.72042480221321128497e-02
53   6.59857509807569020399e-02
54  -7.94214808276615946703e-02
55   8.64229546358790817751e-02
56  -8.64229546367282219776e-02
57   7.94214808298823182753e-02
58  -6.59857509836966338312e-02
59   4.72042480248139190158e-02
60  -2.45985376251318249574e-02
61  -3.91542389512347238645e-02
62   7.51364343221527508643e-02
63  -1.05031522638403540526e-01
64   1.26417581637521703186e-01
65  -1.37562040007140035103e-01
66   1.37562040008441160976e-01
67  -1.26417581641102949597e-01
68   1.05031522643044314402e-01
69  -7.51364343264490502916e-02
70   3.91542389537728463544e-02
71   5.63445088744246452839e-02
72  -1.08124320733993195542e-01
73   1.51144543168479555950e-01
74  -1.81919933607511324913e-01
75   1.97957252945707817826e-01
76  -1.97957252947652873054e-01
77   1.81919933612598061501e-01
78  -1.51144543175213225128e-01
79   1.08124320740136031782e-01
80  -5.63445088780977626497e-02
81  -6.98141001906948527322e-02
82   1.33972277184892574198e-01
83  -1.87276817046331672811e-01
84   2.25409302969709957054e-01
85  -2.45280467728054063503e-01
86   2.45280467730374124313e-01
87  -2.25409302976095515803e-01
88   1.87276817054606414814e-01
89  -1.33972277192553085312e-01
90   6.98141001952204826031e-02
91   6.30132642657313113421e-02
92  -1.20921568615471888841e-01
93   1.69033526625018304390e-01
94  -2.03451393589442586229e-01
95   2.21386838617882664160e-01
96  -2.21386838620057951887e-01
97   2.03451393595131424519e-01
98  -1.69033526632548974922e-01
99   1.20921568622341837895e-01
100  -6.30132642698391920444e-02
