1.000000e+00
8.174264e-02
1.127783e-01
1.787793e-01
3.482747e-01
5.906453e-01
4.585784e-01
2.555353e-01
1.791967e-01
1.479128e-01
1.284249e-01
1.131815e-01
1.002033e-01
8.880553e-02
7.869562e-02
6.971842e-02
6.176542e-02
5.474146e-02
4.855473e-02
4.311566e-02
3.833868e-02
3.414408e-02
3.045925e-02
2.721920e-02
2.436650e-02
2.185092e-02
1.962874e-02
1.766211e-02
1.591833e-02
1.436916e-02
1.299025e-02
1.176055e-02
1.066189e-02
9.678525e-03
8.796822e-03
8.004932e-03
7.292546e-03
6.650676e-03
6.071471e-03
5.548056e-03
5.074401e-03
4.645207e-03
4.255806e-03
3.902079e-03
3.580385e-03
3.287498e-03
3.020558e-03
2.777019e-03
2.554617e-03
2.351331e-03
2.165357e-03
1.995078e-03
1.839047e-03
1.695966e-03
1.564665e-03
1.444093e-03
1.333304e-03
1.231440e-03
1.137730e-03
1.051474e-03
9.720377e-04
8.988465e-04
8.313783e-04
7.691586e-04
7.117555e-04
6.587755e-04
6.098601e-04
5.646818e-04
5.229415e-04
4.843658e-04
4.487045e-04
4.157285e-04
3.852278e-04
3.570099e-04
3.308980e-04
3.067298e-04
2.843563e-04
2.636402e-04
2.444555e-04
2.266860e-04
2.102248e-04
1.949734e-04
1.808409e-04
1.677437e-04
1.556044e-04
1.443517e-04
1.339199e-04
1.242480e-04
1.152799e-04
1.069637e-04
9.925142e-05
9.209862e-05
8.546428e-05
7.931041e-05
7.360188e-05
6.830615e-05
6.339313e-05
5.883492e-05
5.460572e-05
5.068159e-05
4.704040e-05
4.366162e-05
4.052622e-05
3.761658e-05
3.491636e-05
3.241043e-05
3.008473e-05
2.792626e-05
2.592294e-05
2.406358e-05
2.233781e-05
2.073599e-05
1.924919e-05
1.786915e-05
1.658816e-05
1.539911e-05
1.429538e-05
1.327084e-05
1.231979e-05
1.143696e-05
1.061744e-05
9.856690e-06
9.150484e-06
8.494909e-06
7.886329e-06
7.321372e-06
6.796908e-06
6.310032e-06
5.858048e-06
5.438452e-06
5.048922e-06
4.687302e-06
4.351591e-06
4.039932e-06
3.750600e-06
3.481995e-06
3.232631e-06
3.001130e-06
2.786211e-06
2.586686e-06
2.401451e-06
2.229484e-06
2.069834e-06
1.921617e-06
1.784015e-06
1.656268e-06
1.537670e-06
1.427565e-06
1.325344e-06
1.230444e-06
1.142340e-06
1.060545e-06
9.846067e-07
9.141065e-07
8.486547e-07
7.878896e-07
7.314756e-07
6.791012e-07
6.304770e-07
5.853345e-07
5.434244e-07
5.045151e-07
4.683919e-07
4.348552e-07
4.037198e-07
3.748137e-07
3.479773e-07
3.230625e-07
2.999315e-07
2.784568e-07
2.585197e-07
2.400100e-07
2.228257e-07
2.068717e-07
1.920600e-07
1.783089e-07
1.655423e-07
1.536898e-07
1.426860e-07
1.324700e-07
1.229855e-07
1.141800e-07
1.060051e-07
9.841549e-08
9.136932e-08
8.482770e-08
7.875451e-08
7.311624e-08
6.788176e-08
6.302219e-08
5.851075e-08
5.432255e-08
5.043452e-08
4.682527e-08
4.347494e-08
4.036516e-08
3.747890e-08
3.480041e-08
3.231517e-08
3.000975e-08
2.787187e-08
2.589020e-08
2.405462e-08
2.235579e-08
2.078555e-08
1.933664e-08
1.800317e-08
1.678007e-08
1.566382e-08
1.465208e-08
1.374426e-08
1.294131e-08
1.224595e-08
1.166262e-08
1.119755e-08
1.085752e-08
1.065076e-08
1.058424e-08
1.066483e-08
1.089647e-08
1.128150e-08
1.182229e-08
1.251704e-08
1.336804e-08
1.437498e-08
1.553990e-08
1.686775e-08
1.836555e-08
2.004114e-08
2.190545e-08
2.397271e-08
2.625747e-08
2.877817e-08
3.155472e-08
3.461114e-08
3.797196e-08
4.166645e-08
4.572629e-08
5.018497e-08
5.508202e-08
6.045964e-08
6.636473e-08
7.284765e-08
7.996616e-08
8.778002e-08
9.635947e-08
1.057772e-07
1.161161e-07
1.274659e-07
1.399260e-07
1.536032e-07
1.686181e-07
1.851008e-07
2.031948e-07
2.230577e-07
2.448623e-07
2.687986e-07
2.950744e-07
3.239187e-07
3.555833e-07
3.903429e-07
4.285006e-07
4.703880e-07
5.163703e-07
5.668475e-07
6.222590e-07
6.830876e-07
7.498618e-07
8.231638e-07
9.036310e-07
9.919648e-07
1.088933e-06
1.195381e-06
1.312234e-06
1.440510e-06
1.581326e-06
1.735906e-06
1.905598e-06
2.091878e-06
2.296367e-06
2.520846e-06
2.767269e-06
3.037780e-06
3.334735e-06
3.660718e-06
4.018569e-06
4.411400e-06
4.842631e-06
5.316018e-06
5.835679e-06
6.406140e-06
7.032365e-06
7.719807e-06
8.474449e-06
9.302859e-06
1.021225e-05
1.121054e-05
1.230641e-05
1.350941e-05
1.483001e-05
1.627970e-05
1.787111e-05
1.961808e-05
2.153583e-05
2.364104e-05
2.595204e-05
2.848896e-05
3.127386e-05
3.433101e-05
3.768700e-05
4.137105e-05
4.541523e-05
4.985475e-05
5.472824e-05
6.007814e-05
6.595101e-05
7.239797e-05
7.947515e-05
8.724415e-05
9.577259e-05
1.051347e-04
1.154120e-04
1.266940e-04
1.390787e-04
1.526742e-04
1.675986e-04
1.839819e-04
2.019667e-04
2.217095e-04
2.433822e-04
2.671734e-04
2.932902e-04
3.219598e-04
3.534318e-04
3.879800e-04
4.259051e-04
4.675370e-04
5.132379e-04
5.634055e-04
6.184759e-04
6.789283e-04
7.452881e-04
8.181323e-04
8.980938e-04
9.858673e-04
1.082215e-03
1.187973e-03
1.304059e-03
1.431478e-03
1.571335e-03
1.724839e-03
1.893316e-03
2.078219e-03
2.281141e-03
2.503825e-03
2.748177e-03
3.016285e-03
3.310429e-03
3.633097e-03
3.987005e-03
4.375110e-03
4.800624e-03
5.267037e-03
5.778123e-03
6.337953e-03
6.950905e-03
7.621660e-03
8.355196e-03
9.156769e-03
1.003187e-02
1.098617e-02
1.202543e-02
1.315538e-02
1.438152e-02
1.570893e-02
1.714189e-02
1.868356e-02
2.033542e-02
2.209670e-02
2.396362e-02
2.592859e-02
2.797927e-02
3.009770e-02
3.225937e-02
3.443265e-02
3.657850e-02
3.865076e-02
4.059731e-02
4.236202e-02
4.388771e-02
4.511996e-02
4.601132e-02
4.652544e-02
4.664059e-02
4.635183e-02
4.567150e-02
4.462799e-02
4.326291e-02
4.162726e-02
3.977714e-02
3.776969e-02
3.565962e-02
3.349669e-02
3.132406e-02
2.917758e-02
2.708575e-02
2.507016e-02
2.314625e-02
2.132418e-02
1.960980e-02
1.800549e-02
1.651098e-02
1.512399e-02
1.384082e-02
1.265679e-02
1.156663e-02
1.056470e-02
9.645248e-03
8.802531e-03
8.030949e-03
7.325105e-03
6.679862e-03
6.090367e-03
5.552068e-03
5.060722e-03
4.612386e-03
4.203410e-03
3.830426e-03
3.490333e-03
3.180280e-03
2.897653e-03
2.640053e-03
2.405287e-03
2.191347e-03
1.996397e-03
1.818761e-03
1.656910e-03
1.509444e-03
1.375091e-03
1.252687e-03
1.141171e-03
1.039577e-03
9.470241e-04
8.627076e-04
7.858957e-04
7.159211e-04
6.521755e-04
5.941049e-04
5.412041e-04
4.930132e-04
4.491130e-04
4.091215e-04
3.726909e-04
3.395040e-04
3.092722e-04
2.817323e-04
2.566447e-04
2.337911e-04
2.129724e-04
1.940076e-04
1.767315e-04
1.609939e-04
1.466576e-04
1.335979e-04
1.217012e-04
1.108638e-04
1.009915e-04
9.199836e-05
8.380601e-05
7.634318e-05
6.954490e-05
6.335199e-05
5.771056e-05
5.257150e-05
4.789006e-05
4.362549e-05
3.974069e-05
3.620182e-05
3.297808e-05
3.004141e-05
2.736625e-05
2.492932e-05
2.270938e-05
2.068714e-05
1.884497e-05
1.716684e-05
1.563815e-05
1.424559e-05
1.297703e-05
1.182144e-05
1.076875e-05
9.809803e-06
8.936249e-06
8.140485e-06
7.415582e-06
6.755232e-06
6.153685e-06
5.605705e-06
5.106522e-06
4.651791e-06
4.237554e-06
3.860204e-06
3.516456e-06
3.203319e-06
2.918066e-06
2.658216e-06
2.421504e-06
2.205871e-06
2.009440e-06
1.830502e-06
1.667497e-06
1.519008e-06
1.383742e-06
1.260521e-06
1.148273e-06
1.046020e-06
9.528730e-07
8.680199e-07
7.907242e-07
7.203110e-07
6.561678e-07
5.977378e-07
5.445090e-07
4.960209e-07
4.518503e-07
4.116140e-07
3.749605e-07
3.415696e-07
3.111536e-07
2.834464e-07
2.582055e-07
2.352125e-07
2.142667e-07
1.951859e-07
1.778054e-07
1.619717e-07
1.475488e-07
1.344094e-07
1.224404e-07
1.115372e-07
1.016052e-07
9.255714e-08
8.431494e-08
7.680700e-08
6.996669e-08
6.373671e-08
5.806103e-08
5.289048e-08
4.818089e-08
4.389018e-08
3.998204e-08
3.642084e-08
3.317929e-08
3.022366e-08
2.753310e-08
2.508068e-08
2.284726e-08
2.081272e-08
1.895936e-08
1.727108e-08
1.573312e-08
1.433212e-08
1.305600e-08
1.189294e-08
1.083383e-08
9.869238e-09
8.990543e-09
8.189808e-09
7.461238e-09
6.796239e-09
6.191295e-09
5.639677e-09
5.137429e-09
4.679935e-09
4.263059e-09
3.882981e-09
3.537082e-09
3.222707e-09
2.935925e-09
2.674502e-09
2.436440e-09
2.219256e-09
2.021941e-09
1.842009e-09
1.677711e-09
1.528384e-09
1.392282e-09
1.268261e-09
1.155322e-09
1.052519e-09
9.588422e-10
8.738630e-10
7.954626e-10
7.246215e-10
6.594289e-10
6.014256e-10
5.475607e-10
4.996404e-10
4.545545e-10
4.142402e-10
3.771947e-10
3.437284e-10
3.130368e-10
2.850896e-10
2.597555e-10
2.366420e-10
2.153128e-10
1.963122e-10
1.788806e-10
1.629317e-10
1.482423e-10
1.352284e-10
1.232125e-10
1.119687e-10
1.022542e-10
9.264947e-11
8.469204e-11
7.716631e-11
7.046569e-11
6.424114e-11
5.846897e-11
5.335329e-11
4.850860e-11
4.367774e-11
3.974243e-11
3.650077e-11
3.351161e-11
2.986042e-11
2.792338e-11
2.537972e-11
2.223560e-11
2.115788e-11
1.865799e-11
1.732047e-11
1.575665e-11
1.454520e-11
1.321119e-11
1.197150e-11
1.111363e-11
1.012938e-11
9.216648e-12
7.811211e-12
7.712638e-12
6.707150e-12
6.322750e-12
5.847096e-12
5.347735e-12
4.866751e-12
4.150719e-12
3.996897e-12
3.361290e-12
2.952046e-12
2.480208e-12
2.526920e-12
2.699075e-12
2.459845e-12
2.682906e-12
1.600472e-12
1.411914e-12
1.619255e-12
9.412809e-13
