%%MatrixMarket vector coordinate real general
1572
1   4.64720747685510942323e-09
2   4.52441674266120034899e-08
3   9.41383063365771878416e-08
4 -5.99473977804740782435e-120
5   4.18739344203118969416e-08
6   8.54315460008099764041e-08
7 -5.62956040712470302131e-120
8   9.76885605351755835567e-09
9 -3.98049623884911143506e-120
10   7.68685711834218618278e-09
11   4.82598043918802103565e-08
12   1.40104782153373578807e-07
13   2.88006155426162523195e-07
14 -6.69961318390186263497e-120
15   9.83548361019393004281e-08
16 -6.19740415614591364002e-120
17   1.60238988145489746514e-08
18 -4.37713632817012215287e-120
19   8.13188408878599125502e-08
20   1.63280556428330766221e-07
21 -5.12991490469750522846e-120
22   2.09421797281384734469e-08
23   4.20821179471378620430e-08
24 -4.36904657429079442871e-120
25   1.04145118499421006879e-08
26   2.10079723263811932093e-08
27 -4.91345729003934120143e-120
28   3.86046996516175235342e-08
29   1.62400730409707003782e-07
30   7.01163240734769013989e-07
31   1.38498201368794062619e-06
32   3.21099961764101275682e-07
33 -6.43895660228500024225e-120
34 -5.64818828426514548783e-120
35   7.55906946649224055679e-08
36 -5.60366619847894504778e-120
37   1.23032898150584817105e-07
38   2.39538360330263194817e-07
39 -4.99198738621455126419e-120
40   1.51889532957524731062e-07
41   3.05152974818299198661e-07
42 -4.79090363604283262325e-120
43   1.75480486809078810993e-09
44   9.56953036163950391360e-09
45   3.58721008457594992122e-09
46   1.89009859038735267782e-08
47 -4.27185898101418926292e-120
48 -4.95426983010705302017e-120
49   6.11444771570564169307e-08
50   1.17847575796053876609e-07
51 -6.15680657148809954392e-120
52   1.24773058748071679554e-07
53   5.60669905904140626557e-07
54   1.08897005137276497529e-06
55 -5.32813635014207523306e-120
56   2.42376470603287077207e-07
57 -5.41032906040263334897e-120
58   5.85143287378773039666e-07
59   6.19239505742996319975e-07
60   1.12570131940220946103e-06
61   1.24764352240075165398e-06
62 -5.51990099244540007679e-120
63 -4.95079167857796039240e-120
64   8.42334620466747423645e-07
65   1.66928064523653102545e-06
66 -4.49817845790067172167e-120
67   3.44827064818904030483e-06
68   6.62154079863621493855e-06
69 -7.07169710903959570361e-120
70   3.03035900752493974499e-09
71   6.11214145820835309652e-09
72 -4.38499964195921665118e-120
73   1.23456031177856448316e-08
74   3.76056285237091024327e-08
75   7.18004370346028490619e-08
76   2.39516416924125418433e-08
77 -5.20587092716784333387e-120
78 -5.35969594702526120060e-120
79   1.52053863437455352589e-07
80   1.62542387652507650200e-07
81   3.07948622358961107098e-07
82   2.88698412853867544679e-07
83 -5.45998009790041781098e-120
84 -5.66291959358722121072e-120
85   7.83385871894799867849e-07
86   1.49446618984135624546e-06
87 -5.49776214841821240984e-120
88   2.84794666148818409663e-06
89   5.38920162243837190682e-06
90 -6.32892141514388440858e-120
91   6.90158457926065933900e-06
92   1.30429663807441751012e-05
93 -6.43516855075478041612e-120
94   1.10230831002309584285e-05
95   2.08354168611792894415e-05
96 -6.45473333508488927110e-120
97   6.21883575704614177573e-06
98   5.85710992112254289692e-06
99   1.11364945696748829330e-05
100   1.19872705407686585280e-05
101 -4.97305696407191163129e-120
102 -5.78227900744589040680e-120
103   1.46602362091348050842e-06
104   2.84855206313497130491e-06
105 -4.86838763033254756885e-120
106   5.59198583393065771054e-09
107   2.60863735312927961921e-08
108   1.08519488022175045165e-08
109   5.05783699866250686777e-08
110 -4.49160351307052271464e-120
111 -5.46216172933443878468e-120
112   1.85944893361953242933e-07
113   3.49578942340902502616e-07
114 -5.99502718651297416927e-120
115   9.16481438011493218114e-07
116   2.84064067778329924855e-06
117   5.80135758479610459497e-06
118   5.27013722306480117619e-06
119   1.08965498959559631097e-05
120 -7.09636230145312319086e-120
121 -6.39279750638465708278e-120
122   1.27434893598924179117e-05
123   2.37357352617041405293e-05
124 -6.15460492864205577809e-120
125   2.00787028258953418919e-05
126   3.26402344801695736562e-05
127   6.14248870133139008264e-05
128   3.75229953535037721131e-05
129 -7.80015980182260351774e-120
130 -6.82699609213290610726e-120
131   3.11465689414786953413e-07
132   1.69235803142225757016e-06
133   5.97208613046626712036e-07
134 -6.18455152629770652378e-120
135 -4.99094445346827988929e-120
136   5.40921607637260587547e-07
137   1.03092407650350183287e-06
138 -5.05065367116959837850e-120
139   1.60184924851500779138e-05
140   3.00302862362794521691e-05
141 -5.13047146395920944835e-120
142   3.72722264678585925764e-08
143   1.09646491623055249963e-07
144   5.79395216140298114086e-07
145   2.02264841020725675883e-07
146   1.06159190703285185632e-06
147 -5.44270325116303299182e-120
148 -6.21116416831816472331e-120
149   2.42473729207832049395e-06
150   4.42102407897254628407e-06
151 -7.93214095987845231462e-120
152   4.48739339016423414812e-06
153   8.25729889314928428706e-06
154 -6.35250082417439275587e-120
155   1.68980793291851443796e-05
156   3.14637478357404092488e-05
157 -6.60940789903216477854e-120
158   3.30766701387793274044e-05
159   6.10600610429216412870e-05
160 -6.02049255621895348531e-120
161   2.01853188659286333765e-05
162   3.76163141470359945785e-05
163 -5.70770074147366195039e-120
164   3.70586285542840910439e-05
165   6.88463901108627736444e-05
166 -6.56089675138289647885e-120
167   6.48897303623717318626e-05
168   5.22743233003787317967e-05
169   9.49833526331171461169e-05
170 -5.19599251868376279335e-120
171   1.20613996775087252747e-04
172 -6.59690742996047319486e-120
173   6.95549523798807518247e-08
174 -5.59599640767379560036e-120
175   1.08886833625592849806e-08
176   2.04667255760942544236e-08
177 -5.03634169622105012038e-120
178   5.80397735232916535959e-08
179   8.26454713584696152029e-09
180   1.46543738542065402709e-08
181   1.06772179760799261474e-07
182 -4.60984277626912625941e-120
183 -6.02943517665012151397e-120
184   2.40103247020074745744e-07
185   5.87547673014128740876e-07
186   1.05799270777957205261e-06
187   4.33873290213007375359e-07
188 -6.28846013668823299053e-120
189 -6.71934034593690373299e-120
190   1.09578712673917838679e-06
191   1.49665408243002304552e-06
192   5.42842091830746221413e-06
193   9.84501839370069772471e-06
194   2.66832082323328873048e-06
195 -5.76575250475787161058e-120
196 -5.36840496360938661476e-120
197   1.93873340948384271753e-06
198 -6.08074620989664829783e-120
199   6.29881159993620517149e-07
200   1.12284647826000280646e-06
201 -6.17576321658019948697e-120
202   1.54926865370869526906e-05
203   5.72890790726283345214e-05
204   1.23733898197305922616e-04
205   2.24220232075593461397e-04
206   1.06039099709390299809e-04
207 -5.55178362164778868689e-120
208 -5.54134298323423509733e-120
209   2.82941543826360361808e-05
210 -5.16484414835847612480e-120
211   8.75106756082195773577e-05
212   6.03513724327482074111e-05
213   2.58842389764779654947e-04
214   6.35856711669154967990e-05
215   1.12506245295188237843e-04
216   4.68760536634471212340e-04
217 -5.01091529750890571716e-120
218 -7.21324811437704735466e-120
219   1.10106429663842962717e-04
220 -5.44377471525385620975e-120
221   1.59657802831939118430e-04
222 -6.47545435443535899635e-120
223   7.80004268055801193421e-10
224   1.41420456211699195012e-09
225 -3.82833091457783419138e-120
226   3.21428802727555014898e-08
227   5.66669927689853044667e-08
228 -4.66283618652745790380e-120
229   2.28131338591748435176e-08
230   3.91966076627615919757e-08
231 -4.06140879588849145385e-120
232   1.98296223638745380884e-07
233   3.51850682165762868533e-07
234 -5.32823429798732865402e-120
235   7.13952787835782823357e-08
236   1.25884142854354173710e-07
237 -4.40837642698175992072e-120
238   2.01190110418634591569e-07
239   3.52231224036515555190e-07
240 -5.19178813685103774476e-120
241   8.23036152253069258824e-07
242   1.39970324290758248995e-06
243 -5.92848695049318864704e-120
244   3.27351013171589201153e-06
245   1.34880863428919937582e-05
246   5.62550840771637162798e-06
247   2.34032624649083575324e-05
248 -6.85759240455929042195e-120
249 -5.55440874153120452492e-120
250   9.94574411263228952331e-05
251   1.75601918509135071413e-04
252 -5.56100083279642697666e-120
253   4.54068935859813977741e-04
254   8.05294729548325306963e-04
255 -5.90357383450490922888e-120
256   6.75023092524351751159e-04
257   1.19230559304261550697e-03
258 -5.56134054788055281622e-120
259   1.92806333990601597378e-04
260   3.48018390444331774010e-04
261 -5.85085710969355950654e-120
262   2.20963519045589351034e-04
263   8.72959205944695624917e-04
264   1.54839494692468322527e-03
265   3.95834196350765147102e-04
266 -7.37291986188471032173e-120
267 -6.16047690333283491690e-120
268   1.94445996515867503950e-04
269   4.47986151460144424170e-05
270   7.71480335871182082994e-05
271   3.42383734745013506521e-04
272 -4.59322372934359977190e-120
273 -5.87741282362507390392e-120
274   1.60188136387542681752e-08
275   2.69728408789618059031e-08
276 -3.98644078182584027557e-120
277   7.17133271172488118880e-08
278   8.55963881201453226733e-08
279   6.63607077493826702390e-07
280   1.39974945473198443439e-07
281   1.10752793380464168586e-06
282 -4.07797564645106924630e-120
283 -4.85812009631174965358e-120
284   2.98150350061426675844e-06
285   4.85889177105331149253e-06
286 -4.69394807938894310184e-120
287   2.58291454357685438311e-05
288   4.20662113573430315218e-05
289 -4.53278814027677698737e-120
290   4.01147043066701328076e-04
291   2.26395015758450992779e-03
292   3.92087511703727471801e-03
293 -6.88184020711288714320e-120
294   3.46706609730051441842e-03
295   6.03585691218278593689e-03
296 -6.23535136245998386330e-120
297   2.13826538129908158906e-03
298   3.83037811375146761486e-03
299 -5.78153527725583087410e-120
300   2.42111169746358914981e-03
301   4.18783515417068749609e-03
302 -5.80055002383605863572e-120
303   5.00740561909901807369e-04
304   2.44053954745291848015e-04
305   4.23404541436565938061e-04
306 -5.89766844261843094946e-120
307   6.33383663534036909712e-05
308   1.10015670481007434597e-04
309 -4.54038953459663848042e-120
310   1.15504623422950863978e-07
311 -4.28058194249066796039e-120
312   6.83217273861909456072e-04
313 -5.30886594007993325781e-120
314   5.78215627065645481480e-04
315   3.13583046130805809162e-04
316   1.03375468693185797696e-03
317   5.75012854023405016977e-04
318 -5.18655247077747518505e-120
319 -5.25179039333873338318e-120
320   8.56235730178912021054e-04
321 -5.41871714290380306515e-120
322   2.44443467342203948119e-04
323   1.14875617188121164659e-03
324   1.93188401137059980600e-03
325   4.15783003933632689351e-04
326 -4.78604668941279966822e-120
327 -4.20741696094243329684e-120
328   7.31045271519551766171e-03
329   1.34653436146781931709e-02
330   1.25487321681761326841e-02
331   2.33135151960644736169e-02
332 -6.94791257204914300737e-120
333 -7.14985767464834992051e-120
334   6.05758409130555813826e-03
335   1.04546034961954439207e-02
336 -5.36246919636474288235e-120
337   1.53860487773127487150e-03
338   2.60943238455188910099e-03
339 -5.62509723304304366962e-120
340   3.01070530304052693879e-04
341   5.14469080106970031406e-04
342 -5.56097980554783849309e-120
343   3.34899506217405931383e-04
344   5.88802048236171707805e-04
345 -5.07934814887251134915e-120
346   1.48756650200771367229e-03
347   2.51187217567440087065e-03
348 -4.43645432000860280719e-120
349   8.33542130499074530869e-03
350   1.81427490914329615779e-02
351   3.09743622579445217202e-02
352 -6.34273276296037095893e-120
353   1.43692831861262498849e-02
354 -5.19757781259143766318e-120
355   3.81155050254256000386e-02
356   4.71230500840509256011e-03
357   6.51576305151903151236e-02
358   7.83983951566293892077e-03
359 -7.29665049089133401341e-120
360 -5.02288069719488054616e-120
361   4.14690030108097028999e-03
362   7.08072804505407906589e-03
363 -5.70065395798181070686e-120
364   6.48884920439006551186e-04
365   1.79415034386386338001e-03
366   3.07443782877431107461e-03
367 -5.57578789150299548298e-120
368   1.12340939157719896073e-03
369 -5.23836542883074716864e-120
370   1.27642373028568202435e-03
371   2.21897082615368562361e-03
372 -4.51125762823600350722e-120
373   6.89777788089917555381e-03
374   6.17818641243437008392e-02
375   1.15070539791088683607e-02
376   1.04069669422442959150e-01
377 -4.51555416956762965869e-120
378 -6.81914395896976597807e-120
379   1.40354413826080298699e-01
380   2.35117651497043916864e-01
381 -7.82355616893771731384e-120
382   3.35018371293173480852e-02
383   5.55949323961075700384e-02
384 -5.71087670265697276693e-120
385   9.53310934466550588540e-03
386   2.59432281491868352297e-02
387   1.59112315298442497102e-02
388   4.34761172883325122673e-02
389 -5.18379511425380514678e-120
390 -6.12937442258748405090e-120
391   4.10468801836318727266e-03
392   8.92227214131455746704e-03
393   6.80747769381873091277e-03
394   1.51680341337699694376e-02
395 -5.06155763046741808919e-120
396 -5.45724770489729228433e-120
397   1.06493230320277784684e-02
398   1.78077801042586178482e-02
399 -4.86132506693373468777e-120
400   2.22558741681528407530e-02
401   3.77242770620730069608e-02
402 -5.07549729146007433649e-120
403   8.50037117161707780899e-03
404   3.75272519281787814149e-02
405   1.39719335549582379663e-02
406   6.18738923922029088187e-02
407 -4.43850279890847421184e-120
408 -5.41462505842632432857e-120
409   1.79059231457436962565e-01
410   2.25976931386220575293e-01
411   2.98079503454639627158e-01
412   3.75067091013623232776e-01
413 -8.01874623077093146267e-120
414 -8.88937576525146487807e-120
415   9.29427785646827347987e-02
416   1.53684362055007711634e-01
417 -6.82315928488732405522e-120
418   6.44556916358412224088e-02
419   1.06319167734478969845e-01
420 -6.73737519363440722312e-120
421   6.55359125797223135423e-02
422   1.08789128612299876298e-01
423 -7.61359255131032971765e-120
424   2.32163484290442458102e-02
425   3.83229208249794839336e-02
426 -5.28909400431935691357e-120
427   1.24792929303880403835e-02
428   2.06005945236270929244e-02
429 -5.00827318528510519574e-120
430   1.27386386355723395941e-02
431   2.10107013932143323054e-02
432 -4.50095258272200959743e-120
433   9.93158252719594653035e-02
434   1.69154552360079701856e-01
435   9.43144166426610336407e-02
436   2.81016928619408801193e-01
437   1.57765245487345523445e-01
438 -8.02492985946087462089e-120
439 -6.82933515932730555648e-120
440   7.83157627367362385584e-02
441   9.79857089333227432304e-02
442   1.03488625779427273477e-01
443   8.43436778433513806297e-02
444   1.40262489787129102092e-01
445   1.71256888664986228754e-01
446 -8.14149631640951974029e-120
447 -7.95985674057179773996e-120
448   1.60883221006986237844e-01
449 -6.88061549122547115359e-120
450   1.30184030855000326676e-01
451 -6.26713462919830867406e-120
452   1.63399736036914794424e-01
453 -7.27672270243257103696e-120
454   8.84153398105144532060e-03
455   1.42934586559302287401e-02
456 -4.27171992553051652696e-120
457   8.58551118056937075107e-03
458   1.39549769577839277018e-02
459 -4.11741678144824769702e-120
460   3.70070937092446955452e-02
461   9.07305687831807955446e-02
462   1.49591994262019273298e-01
463 -7.72683366048751239598e-120
464   6.04492103811087241882e-02
465 -5.77405960329038577040e-120
466   3.23785150681309905063e-02
467   5.37137087248265102102e-02
468 -5.12032620195966649245e-120
469   5.55856610122266725504e-02
470   9.30644265691899785775e-02
471 -7.37528502919547380308e-120
472   5.13495920155565971355e-02
473   8.55995814715472952416e-02
474 -6.47722957255040019949e-120
475   6.44033106062348037479e-02
476   1.00451589874616595277e-01
477   1.67876263167356543082e-01
478 -8.49243165559710421412e-120
479   1.06887013667876049072e-01
480 -6.57779569512927639212e-120
481   6.94771364215565484512e-02
482   1.16479264930602954831e-01
483 -7.38024927718745549349e-120
484   3.33894483670485811566e-02
485   5.56250567940756168728e-02
486 -6.02362833794711515287e-120
487   9.25000816139375653391e-03
488   1.54545624261572516617e-02
489 -4.54879495214635931870e-120
490   5.47756970362131643398e-03
491   8.77751040836233405174e-03
492 -4.02656985439690773240e-120
493   4.04644171964295626398e-02
494   6.62871942539472874811e-02
495 -7.41508324917211386435e-120
496   3.71114518972492160587e-02
497   2.38057174989168320034e-02
498   3.12043659819327030835e-02
499   4.00012915600072571642e-02
500   5.25510637216623360812e-02
501 -6.45093580862056673315e-120
502 -6.78267801710662658882e-120
503   3.19560191977870597380e-02
504   5.37498104773585852478e-02
505 -7.53573344108552376672e-120
506   2.71268379232405265622e-02
507   4.53469505359226088270e-02
508 -5.98206335369396795230e-120
509   5.57982327555620188919e-02
510   9.30435467330257837126e-02
511 -7.09840303366798898204e-120
512   5.23817966093835171715e-02
513   4.38168297859417993356e-02
514   7.30269296155497266154e-02
515   8.79540947911970349971e-02
516 -7.65518574100661200671e-120
517 -7.44520493169632238890e-120
518   4.66343192024632098580e-03
519   7.59293868737956432341e-03
520 -4.19192065011877500240e-120
521   6.17499698928985277235e-02
522 -6.40820103532532151924e-120
523   9.40600252416055535032e-03
524   1.55453802224610696664e-02
525 -4.82099307832476221610e-120
526   8.91144198180004732919e-05
527   4.71314587159046027875e-05
528   6.16777299710713136768e-05
529   6.13970958524641310244e-05
530   4.66356806683570628306e-05
531 -3.54311946167223469658e-120
532 -3.52902691457708481575e-120
533   1.30931173928469836041e-04
534 -3.58356804724840732685e-120
535   6.65109399710633614894e-03
536   1.62285344965222427804e-02
537   1.08793858552688662428e-02
538   2.70570831919072427030e-02
539 -5.76156603516456063182e-120
540 -6.59613612756852469199e-120
541   5.76047456420453879433e-03
542   8.50646752189333603400e-03
543   1.44913228957508875838e-02
544 -5.90584914852479749985e-120
545   9.73506762470483996696e-03
546 -5.66685737743545968730e-120
547   3.66098889325646272355e-03
548   3.76039123026632778751e-03
549   5.96615730569296023877e-03
550 -4.89301745084405729317e-120
551   5.83291895668626263205e-03
552 -4.37734734322896706727e-120
553   1.17007892007746690938e-02
554   1.09064932834271148543e-02
555   1.86446718954798203172e-02
556   1.98899064879768869285e-02
557 -6.75939601330279007330e-120
558 -6.28098303766103707849e-120
559   1.48443563629741363818e-02
560   3.23523516079300896275e-02
561   1.56042724695738804080e-02
562   5.42293384473682971159e-02
563   2.52447731462159888349e-02
564   2.64726791265637306783e-02
565 -6.89644120080561016005e-120
566 -6.79172859108238876625e-120
567 -6.17656626729445203783e-120
568   1.78139338065699918967e-02
569   3.00930263578295213722e-02
570 -6.48414101595967283162e-120
571   6.55304028543313241834e-03
572   5.20159697132439174938e-03
573   1.10846132724240296202e-02
574   8.56971781206849678170e-03
575 -5.26621405463603001199e-120
576 -4.58220475028048409527e-120
577   4.63530071758693970607e-03
578   7.57010677658386671451e-03
579 -4.27926812346295731513e-120
580  -3.00815445687837191339e-07
581  -8.89192849755092174601e-07
582 -3.49307230082735624676e-120
583   1.44833992672440976107e-03
584   1.45812647878860914691e-03
585   2.30291105154205484606e-03
586   2.35953127368424171728e-03
587 -6.42499489491655268125e-120
588 -6.28327758549128685457e-120
589   2.50374457687481876897e-03
590   3.01383197224090217115e-03
591   5.16374643898537787068e-03
592   4.17252308535724387301e-03
593 -6.04368873480163457232e-120
594 -5.58306459017382738782e-120
595   2.94571556361516084452e-03
596   5.03114072902522205255e-03
597 -6.84356892075172080550e-120
598   2.37311195326869641548e-03
599   4.06762459700644399968e-03
600 -5.14298753330944011060e-120
601   2.96390589304737495091e-03
602   5.06821557152192618545e-03
603 -5.44198066597562366105e-120
604   3.62294608268055266104e-03
605   6.24913087031248298125e-03
606 -6.93664008400682899486e-120
607   5.85399752771459912226e-03
608   5.19744146065301022147e-03
609   8.91174805055877997106e-03
610 -5.91204831502570408015e-120
611   1.01112998833185179642e-02
612 -6.55560607473674678976e-120
613   4.43291711600470018061e-04
614   7.09986014122448994002e-04
615 -4.27144852000828162378e-120
616   5.81602461454386928524e-03
617   1.00196244639880575888e-02
618 -6.67093747910464923819e-120
619   3.86483773021979769638e-03
620   6.51633615732317462987e-03
621 -5.20820713553345856588e-120
622   7.23830962852403561429e-04
623   1.19869327102134644834e-03
624 -4.04108991448709944622e-120
625   5.64164332198874665138e-04
626   4.69636129724284158513e-04
627   8.98268034843309687645e-04
628   7.68170756108576993464e-04
629 -6.00998105470501484750e-120
630 -6.58245787090114105782e-120
631   4.90870617510677596101e-04
632   7.48367368899255976794e-04
633   1.27353537140974639244e-03
634 -5.87687796872723979622e-120
635   8.16176648807309906668e-04
636 -5.29035585276121083013e-120
637   1.88170598769932544050e-04
638   4.23100859586417112502e-04
639   3.00821059248566717581e-04
640   6.61208200470141506735e-04
641 -4.56487271882863408064e-120
642 -6.46746863106911280671e-120
643   1.05990590004457628688e-03
644   7.38675074773759935548e-04
645   1.27196061951613298598e-03
646 -6.80461803024465991812e-120
647   1.80595536846710528166e-03
648 -5.99270705048202481688e-120
649   1.19720670538828503036e-03
650   6.88567243576978745868e-04
651   2.04613551874798351229e-03
652   1.18569782548639916786e-03
653 -5.54421422043040881482e-120
654 -5.84919092244358304056e-120
655   4.19611848142434286542e-04
656   7.26865314127113902078e-04
657 -5.02670410102132592345e-120
658   9.94713096516117514789e-04
659   4.99061484037978831535e-04
660   1.76164788063825510957e-03
661   8.79330615566491658602e-04
662 -4.80971026438775296224e-120
663 -4.67836916692821919285e-120
664   6.03446576502011380536e-04
665   1.08102244598916384481e-03
666   1.02243566921403632348e-03
667   1.86986635708643374881e-03
668 -4.18345213472254296497e-120
669 -4.75741399045256859928e-120
670   5.82971426155236478218e-04
671   4.23160507030516863311e-04
672   1.03908827425889822155e-03
673   7.38914308934710841424e-04
674 -4.34513943221542959981e-120
675 -4.06888899361483576735e-120
676   5.89007530446862223074e-04
677   1.01300298847962198280e-03
678 -4.12727179359872000799e-120
679   2.23442040491655756875e-04
680   3.96500329197434057699e-04
681 -4.07672767741964406902e-120
682   2.58897668698809064938e-04
683   2.03284934656907317419e-04
684   3.26990060581763277662e-04
685   4.07715825076320316847e-04
686 -6.47622194111206321676e-120
687 -6.40659299563956084093e-120
688   2.15611553677556052992e-04
689   3.34449360850713793905e-04
690 -7.70011614690237198885e-120
691   6.82109850220147863895e-05
692   1.08183067376987348618e-04
693 -4.71225006016506890492e-120
694   3.26092633605737044523e-04
695   5.41416306322066204389e-04
696 -7.52808416827150977061e-120
697   6.15237355481473716448e-04
698   2.42638709410976133492e-04
699   1.21202492756560391046e-04
700   4.16658814228296312150e-04
701   2.13477829827996088818e-04
702 -6.06933446965742624594e-120
703 -5.46860784845875085528e-120
704   1.79746130429563359329e-04
705   3.07539088466772276165e-04
706 -5.50567178484687819591e-120
707   6.12191793810679129890e-05
708   1.07935233546106216997e-04
709 -4.32541151467298136388e-120
710   5.80727160392711182321e-05
711   1.02224132625459228460e-04
712 -4.02238867566314090745e-120
713   2.73762380273677712484e-04
714   4.61509419065886351222e-04
715 -5.53763081085763968596e-120
716   1.04168566670275798171e-03
717 -7.41602968816440567586e-120
718   1.89883458158287470128e-05
719   3.72775130245942375846e-06
720   3.58230911078818580091e-05
721   6.53900806972140772742e-06
722 -3.68472793006808761344e-120
723 -3.63195264742401613053e-120
724   4.46727893144512037027e-06
725   1.11758152382895465776e-05
726 -3.64447931195259459363e-120
727  -1.41216648843142267000e-06
728   2.78340465346157855974e-05
729   5.47854342299288201118e-05
730   4.42588509249804348686e-07
731 -3.69545941911233492833e-120
732 -3.61179065597750305730e-120
733   2.07465058255615548196e-04
734   3.25807567990684602676e-04
735 -7.40195078943474033056e-120
736   1.90279936766673765268e-04
737   3.00670483076187022940e-04
738 -7.97271432416222324087e-120
739   1.15664727139892415417e-04
740   1.87586655173173366424e-04
741 -6.15276459289437279681e-120
742   1.06416692677321553240e-04
743   1.77955662611352464228e-04
744 -5.62757627709389032965e-120
745   1.97491526905004650353e-04
746   4.32134171164878148983e-05
747   3.32968534555706774901e-04
748   7.52070168883102354966e-05
749 -6.42272799249549388248e-120
750 -4.81822203095320822154e-120
751   2.48544122524323488847e-05
752   4.44859351425281701435e-05
753 -4.71592660953725905074e-120
754   9.01570643573515141049e-06
755   2.80055624681698053444e-05
756   4.90861137476644287516e-05
757 -4.46155538841655949610e-120
758   1.63965308342164714354e-05
759 -4.08527593742504531597e-120
760   6.06303745961111971419e-05
761   9.32773833175307197710e-05
762 -6.73386095866621203938e-120
763   2.69179373007568591039e-05
764   4.16727305849242331856e-05
765 -5.16758399592602411111e-120
766   2.58535744693159633318e-05
767   4.12129630548812217190e-05
768 -4.57216674035992819063e-120
769   9.67090335665495628168e-05
770   1.51311333408547517114e-04
771 -6.10064739456543470207e-120
772  -1.19770943134835789347e-09
773   7.42938613220660690761e-08
774  -2.54695159742289262966e-07
775 -3.56797884293129636375e-120
776  -3.35457538835759747932e-09
777 -3.50866568785686389218e-120
778  -1.49024766190708353914e-07
779  -2.58829500751215040072e-08
780  -1.06220540136542380421e-07
781  -1.69775806847804947040e-07
782 -3.49306005368638817740e-120
783 -3.50645096016116077877e-120
784   1.95602755573372357302e-04
785   9.38114319309592883120e-05
786   3.05596275198834308080e-04
787   1.47745445955333251512e-04
788 -8.80279764591448399460e-120
789 -7.02294589178737785913e-120
790   3.73966119729338277540e-05
791   5.95242636772237671905e-05
792 -4.97027103698612600829e-120
793   3.13415397768838653093e-05
794   5.08404672419839894588e-05
795 -4.66797276349831848834e-120
796   1.15926782085087793663e-05
797   1.85539022912027723640e-05
798 -4.06670206654887769480e-120
799   1.71781817340529032823e-05
800   2.99787143804685615517e-05
801 -4.09179457930157120749e-120
802   2.25099730424599709589e-06
803   7.77436391592048014858e-07
804   4.33057112379578242772e-06
805   1.44719288965860964922e-06
806 -3.89569268958125557644e-120
807 -3.74696630419876740335e-120
808   1.82416510139535069455e-05
809   2.30115445952658259578e-05
810   2.82424543110566683853e-05
811   3.58003220630120585523e-05
812 -6.94095582051763883793e-120
813 -6.13032810525610805343e-120
814   4.56607021602494249010e-05
815   7.17350230886208489137e-05
816 -5.62555210800915999865e-120
817   1.09618823135756881973e-05
818   1.71053209971118695286e-05
819 -5.28899390693276608779e-120
820   3.53757451031565856752e-06
821   5.65035184267008918778e-06
822 -4.31575243214986760000e-120
823   5.41273132842540874768e-05
824   8.46201697355082816309e-05
825 -5.99778554906331086408e-120
826   5.08900208754879115544e-05
827   5.07829339722703885932e-05
828   7.89666263906601146585e-05
829   7.86647025962515278373e-05
830 -6.38512948804806075011e-120
831 -6.12285949593236455456e-120
832   2.32990606376703559351e-05
833   3.66305099651317414068e-05
834 -5.90039593917006931982e-120
835   1.50527546764844202836e-05
836   2.39528949268300637521e-05
837 -4.75670993890190455196e-120
838  -1.53745657954706047300e-08
839  -3.26099936128788149313e-11
840 -3.51853434941082267059e-120
841   5.00968519716453705894e-06
842   1.05904352351921742881e-05
843   7.75463527061105600846e-06
844   1.62838596051723449095e-05
845 -5.35307704241595696905e-120
846 -6.84578161516129509820e-120
847   1.51452184975178047232e-05
848   2.32034183595992061935e-05
849 -6.41902736566348696645e-120
850   1.94580473457751774416e-06
851   3.07362931132975693112e-06
852 -4.30838244979171673952e-120
853   2.08002638569600304251e-06
854   3.25790261111031377754e-06
855 -4.34997956860462083164e-120
856   4.29815789929529394690e-07
857  -4.69109434556963958259e-09
858   6.78137674681796502084e-07
859   2.45484522883102036137e-08
860 -3.85887674886459467624e-120
861 -3.56182111790725824708e-120
862   1.84595849594748784457e-05
863   2.83455481805339964496e-05
864 -6.30128863667422961859e-120
865   4.50415463352811665183e-06
866   7.02745645998204806950e-06
867 -5.72096752697833567604e-120
868   2.63850549258202369374e-06
869   4.25071372340367529223e-06
870 -4.52927097054927867594e-120
871   2.15849690136894985292e-05
872   3.28688023945176280619e-05
873 -6.94015410270190918690e-120
874   1.03219900296424852473e-05
875   1.54646989713400084560e-05
876 -7.47528150912220834991e-120
877   6.05875394917554846967e-06
878   9.21262398566771244614e-06
879 -6.38937701703003667626e-120
880   2.70354428698240571046e-06
881   4.17522283776682316437e-06
882 -5.10224440292702180963e-120
883   8.48998351608741879161e-09
884   2.86372473281529131680e-09
885   5.65076578198936827484e-09
886   1.54742849723295164385e-08
887   6.61667453377930940857e-09
888 -3.54709302876934204083e-120
889 -3.57241658598439306774e-120
890   4.49755929568193130542e-10
891   2.87578029706489751906e-09
892 -3.53650153369706988562e-120
893   2.48081765023373621491e-08
894 -3.56550828968786503628e-120
895   6.09979352260918062279e-06
896   2.66738120536374599434e-06
897   8.42099939315836609887e-07
898   1.31964582397417823393e-06
899   4.08988598776508388452e-06
900 -5.61313890159051771034e-120
901 -5.40301253728495451524e-120
902   9.21308232991039238204e-06
903 -6.00394722178984967062e-120
904   5.50014788417664588995e-06
905   4.12602083239069409681e-06
906   6.09349903564319549755e-06
907   8.18206855703089060703e-06
908 -6.37301842694483465550e-120
909 -5.83776172689872864856e-120
910   6.38924400828550403240e-07
911   1.01012947799597412403e-06
912 -4.52412251414448538811e-120
913   5.52867169059480232144e-06
914   8.11220352961861570064e-06
915 -8.03317600549485833364e-120
916   2.75284921406614071783e-06
917   9.35941757720692447118e-07
918   1.43530066886384012818e-06
919   4.10244304142278257949e-06
920 -4.55667434475025049120e-120
921 -5.59243130155800459572e-120
922  -2.22449760512571825939e-11
923  -6.32282179195901375872e-11
924 -3.50422043681720278414e-120
925  -5.52460789055480665448e-11
926  -5.97673323340402323545e-11
927 -3.50333640753540068405e-120
928  -7.43328599003780731642e-12
929  -5.27065196154472542617e-12
930 -3.50434817097480972103e-120
931   3.21809382155231850362e-06
932   3.38966171529341481406e-06
933   4.96767610864891198186e-06
934 -7.29925713297554616201e-120
935   2.67512805658776435674e-06
936   3.88235068647966325025e-06
937 -7.49159569497719509418e-120
938   1.27476295831261058292e-06
939   1.87780990454419069043e-06
940 -5.23386301622233535292e-120
941   9.34604202947464387032e-07
942   1.39723306992187756010e-06
943 -4.73888660719088759693e-120
944   1.50028713271286586179e-06
945   2.24790682340920456122e-06
946 -5.96596903115862666336e-120
947   4.41768876912191873514e-07
948   6.79711997433654327453e-07
949 -5.28717987859225383858e-120
950   2.31869742676844984663e-07
951   3.64440667980202286514e-07
952 -6.56599851782944849646e-120
953   1.11710543750250430121e-07
954   1.78539283885042970774e-07
955 -4.59328502254155324432e-120
956   4.76166037878038217923e-06
957 -7.01644026403896844498e-120
958   2.25154836683444291652e-13
959   5.35494306167355382468e-13
960   3.50109368180327112567e-13
961   4.77117113704528593838e-13
962 -3.49403141369102637178e-120
963 -3.49621274478866362906e-120
964   1.08691151727354575065e-14
965  -1.28008626347127424404e-14
966 -3.49220540636595542571e-120
967   1.22774076768728897600e-06
968   1.26123720628240603801e-06
969   1.80273414175238928059e-06
970   1.82376754127648627649e-06
971 -6.32887432790784017068e-120
972 -6.55962368904445305546e-120
973   5.50625092380534460153e-07
974   7.82958416606787816955e-07
975 -5.89542302773557828531e-120
976   3.87759100093965484515e-07
977   5.46247025688457863448e-07
978 -5.72867199611837698985e-120
979   3.71986068546731989092e-07
980   5.43373733624048734578e-07
981 -4.66691541422240340891e-120
982   8.56860482510073512456e-07
983   3.71746478940066294050e-07
984   1.27789790990972102174e-06
985   5.71057122193297810836e-07
986 -6.14589628155859746208e-120
987 -6.30138860253912408368e-120
988   4.50478946539854631780e-08
989   2.95452836638839249451e-08
990   8.35822411532171041339e-08
991   5.20961581627631209546e-08
992 -7.20213639850899283391e-120
993 -6.04671955679767281330e-120
994   3.50550832056274075987e-08
995   5.62479057421089722915e-08
996 -4.76759673172315878803e-120
997  -2.86460610222066487703e-15
998  -3.00067086867123652492e-15
999 -3.49110979810671436930e-120
1000  -1.51216385335993273603e-15
1001  -3.95297817843690778729e-17
1002   4.36926138323957745791e-17
1003  -3.29092819575840509799e-16
1004 -3.49056661455403682759e-120
1005 -3.49107237703011878869e-120
1006   3.53171587304570884316e-07
1007   2.20419398449062111595e-07
1008   7.78889935678002160071e-08
1009   1.09672371733327469511e-07
1010 -5.52955326701674187713e-120
1011   3.11658833107735630731e-07
1012 -5.58491665946773723674e-120
1013   5.12454731012847023663e-07
1014 -5.82240857008466421100e-120
1015   1.85312076145649588096e-07
1016   1.00536008285436256531e-07
1017  -1.72473363487211503538e-07
1018  -2.41906764156018109818e-07
1019 -6.20078294199691379617e-120
1020   1.60552521502676259917e-07
1021 -6.38076196517985439111e-120
1022   2.74399073192589610913e-07
1023 -5.73329778390977029108e-120
1024   1.73436132541874049421e-07
1025   2.41112274452401895258e-07
1026 -6.78010310713613519977e-120
1027   8.42763531147783010810e-08
1028   1.19914560344314331118e-07
1029 -4.84174090777012387883e-120
1030  -6.12576931450442044185e-08
1031  -8.12606039716214267112e-08
1032 -6.63163214791886603098e-120
1033  -5.30989250480532019475e-09
1034  -5.37964257481986967475e-09
1035 -5.25396143455022533619e-120
1036   3.41078349219691242039e-09
1037   6.11818968070473240993e-09
1038 -4.39984970121443352121e-120
1039  -1.58293936094458130435e-07
1040  -2.22976383052810926611e-07
1041 -5.99946868281143234428e-120
1042   1.95399300474195372621e-08
1043  -1.10294038414781416952e-08
1044   2.35634467459411206217e-08
1045  -1.68024522040512021431e-08
1046 -5.57111424365687860838e-120
1047 -5.23958884850312190127e-120
1048  -4.03304621798964673405e-07
1049  -8.27921266970222141447e-07
1050  -5.87101733695204511097e-07
1051  -1.20609472833590205298e-06
1052 -7.73340664770610475553e-120
1053 -8.93319280330470759664e-120
1054  -3.64418419328117123852e-07
1055  -5.30037291003738241169e-07
1056 -7.17327684588947676450e-120
1057  -3.62155694547422999777e-08
1058  -5.03920417825652451777e-08
1059 -4.96432605319592880104e-120
1060  -1.09799109105719086464e-08
1061  -1.46354725014058531039e-08
1062 -5.57532980651942891269e-120
1063  -1.82211459934811430939e-09
1064  -2.22486372881982955029e-09
1065 -4.85277420150643006708e-120
1066   2.13996854265331568763e-08
1067   3.05373361086160790399e-08
1068   2.61802490233296797090e-08
1069   3.97618928613185294257e-08
1070 -6.41952788786036573675e-120
1071 -7.14425355532843544700e-120
1072   1.44503947930076607738e-08
1073   1.65027723483988182166e-08
1074   2.26480174157993723410e-08
1075   1.93096340842534090497e-08
1076 -4.38119501784224978069e-120
1077 -4.57461645715865484575e-120
1078   1.92135489402527420681e-08
1079   2.70801028911910522353e-08
1080 -4.23900660478273917412e-120
1081  -2.67835096347033838786e-07
1082  -6.45386455005073081158e-07
1083  -3.94158716090452879662e-07
1084  -9.42439643179443072100e-07
1085 -6.83531787050193123500e-120
1086 -8.14636571828376766665e-120
1087  -6.97269165918780169591e-07
1088  -1.01323323649590895210e-06
1089 -8.43071771228136952149e-120
1090  -5.66229620192558177010e-07
1091  -2.42486091667393674550e-07
1092  -5.16247606762798304923e-08
1093  -3.56979485635373544253e-07
1094  -7.55432917832645089009e-08
1095 -7.10437919296404818063e-120
1096 -5.00068126593221065138e-120
1097  -1.11420410300273970054e-08
1098  -2.84584995033754307938e-09
1099  -3.95379061041876957395e-09
1100  -1.58617224754018845267e-08
1101 -5.15625699780472332402e-120
1102 -5.28010206868174712950e-120
1103  -7.14272677179696212535e-08
1104  -1.06827965376660901478e-07
1105 -5.85178579048946117834e-120
1106  -6.11029602701437696377e-08
1107  -9.25927631332753415300e-08
1108 -7.00064930046637117323e-120
1109  -2.77752284523787594440e-09
1110   3.10723050870151072257e-09
1111   3.78331464730125136047e-09
1112  -5.07268749590887120498e-09
1113 -4.59338451543791011098e-120
1114 -5.41672140205091402005e-120
1115  -8.28371730084611525025e-07
1116 -7.90212150137634718845e-120
1117  -1.28943013818190371392e-09
1118  -1.82152304777856538808e-09
1119 -4.55540588692763723824e-120
1120   3.95914859601145863681e-09
1121   5.27100905182923391316e-09
1122 -4.39871093797310562281e-120
1123  -2.74149757989778666892e-07
1124  -4.00296750025054037575e-07
1125 -7.69755310104011225324e-120
1126  -6.66954205070550757565e-08
1127  -9.71824951254032396716e-08
1128 -6.31766191948658834038e-120
1129  -1.19441161132771867541e-08
1130  -1.75700329822158634273e-08
1131 -5.07694303433067932705e-120
1132  -1.23032777941749823967e-09
1133  -1.86433085032492375621e-09
1134 -4.30384049777027921951e-120
1135  -1.30394053367359138470e-10
1136  -2.63194247314759206483e-10
1137 -4.02631328512963358486e-120
1138  -2.40936638390976822035e-07
1139  -3.51252967253997375850e-07
1140 -6.07016962904105950036e-120
1141  -2.25513700840703083840e-07
1142  -2.42818125813241548221e-07
1143  -3.26965385553478125294e-07
1144  -3.50919995457329026409e-07
1145 -6.73199949686421710458e-120
1146 -6.90568904671927019370e-120
1147  -2.66186818354999212335e-07
1148  -2.00097950615933851399e-07
1149  -2.93792808455885739176e-07
1150  -3.89358082203629544014e-07
1151 -6.59721273308601738407e-120
1152 -6.75777137627537056820e-120
1153  -5.80407068820623081007e-08
1154  -4.00179002934893418544e-08
1155  -8.69941412471274209431e-08
1156  -6.06960505539112392306e-08
1157 -5.88046209847987183478e-120
1158 -6.13951737488695134429e-120
1159  -3.62347582564124792153e-08
1160  -9.99450689085125286590e-09
1161  -5.25940344430326407114e-08
1162  -1.42626750403759635568e-08
1163 -5.68334879044619179667e-120
1164 -7.20636656186066166239e-120
1165  -2.10248974892214206304e-09
1166  -2.96261698494057447835e-09
1167 -5.06221929215543363890e-120
1168  -1.07668618486149650079e-07
1169  -8.46510851614309789088e-09
1170  -1.57325677324993924036e-07
1171  -1.23473645605484562079e-08
1172 -6.00000884826779199108e-120
1173 -4.22908030872615521247e-120
1174  -5.93289849388933804803e-09
1175  -7.35633532389020280409e-09
1176  -1.05489797261268479013e-08
1177 -4.44478739384772820573e-120
1178  -8.38666471887225628465e-09
1179 -4.17235350986865561207e-120
1180  -6.53364372424593104827e-08
1181  -9.33476631757814172563e-08
1182 -5.07602762237164355900e-120
1183  -4.11336208469080703505e-08
1184  -5.86969303302492625094e-08
1185 -4.70146621592414521779e-120
1186  -7.52463821858363356019e-08
1187  -7.83771273417203664720e-08
1188  -1.14801653632454312214e-07
1189 -6.14118456770521079949e-120
1190  -1.09922540337307720078e-07
1191 -5.62036051063992045322e-120
1192  -4.51551633231189011714e-08
1193  -6.56944442971108899105e-08
1194 -5.20060195576343112791e-120
1195  -2.91203983513885177385e-08
1196  -1.62902613170100308123e-08
1197  -1.55863931636021250641e-08
1198  -2.37604777009204244649e-08
1199  -2.47803829888959809325e-08
1200 -5.90807393170455050757e-120
1201 -6.69249133477844590803e-120
1202  -4.35786614232039354721e-08
1203 -5.23084825490546471274e-120
1204  -1.14861598390654994006e-08
1205  -1.72153296486296386609e-08
1206 -5.62024344329518044721e-120
1207  -4.88184953235697901071e-09
1208  -4.41081067211510690451e-09
1209  -6.36143523401322716905e-09
1210 -7.72628763375622119040e-120
1211  -7.18114523758162669299e-09
1212 -6.09087589971708856635e-120
1213  -1.36984184949425026265e-08
1214  -2.09836644741427626189e-08
1215 -6.90691756052149139023e-120
1216  -4.58762288669206541389e-10
1217  -6.46766401765327319273e-10
1218 -4.22415342264427650601e-120
1219  -4.88290246142765744832e-09
1220  -6.62755332328059606988e-09
1221 -3.82070392181482283539e-120
1222  -5.35303436282683024359e-11
1223  -4.86833780873328939791e-11
1224 -3.54213637825885096805e-120
1225  -4.31672856848482337072e-11
1226   2.41813485636574237175e-12
1227   4.81030761035298987676e-12
1228  -3.79998118112101060003e-11
1229 -3.55253560296678757699e-120
1230 -3.52852193728344281487e-120
1231  -1.56345081058552883682e-08
1232  -8.08713533872741506981e-09
1233  -1.16955630900580821413e-08
1234  -2.26028334426409790617e-08
1235 -4.92504330654136523735e-120
1236 -4.93191100963061528073e-120
1237  -3.33001195863273518034e-09
1238  -5.01092240528839916978e-09
1239 -4.31310065492257980846e-120
1240  -1.35288212829436425000e-08
1241  -2.04518201399580784916e-08
1242 -5.88299010405003901279e-120
1243  -4.64667666235653203291e-09
1244  -3.84055724449787888135e-09
1245  -5.89581269629166097598e-09
1246  -7.06220051421563156005e-09
1247 -5.83064215994699396505e-120
1248 -5.94495864809612738739e-120
1249  -9.77674322707599512276e-09
1250  -1.50555878387864032143e-08
1251 -7.15209928665616358791e-120
1252  -5.23493522497590324277e-09
1253  -2.52408265075810798237e-09
1254  -8.14054163209314302436e-09
1255  -3.83903746122283585172e-09
1256 -7.02510521964950713088e-120
1257 -5.46338317145867463276e-120
1258  -1.58459426283652015045e-09
1259  -9.17926222784490396634e-10
1260  -7.78327912042175792732e-10
1261  -5.39141394650841036886e-10
1262  -7.56544486762587962788e-10
1263  -1.11620239531376361726e-09
1264 -4.58624454861104237160e-120
1265 -5.88607806039904082908e-120
1266  -1.35144736533836574565e-09
1267 -5.79835019855451830259e-120
1268  -2.34095776315355339599e-09
1269 -5.80424488790454664424e-120
1270  -2.83572974241410961197e-14
1271  -2.06757922568572257275e-14
1272 -3.49306858824582777204e-120
1273  -2.85054826981345153111e-09
1274  -6.25604644364029943629e-10
1275  -9.44553965015775774425e-10
1276  -4.22542399093423625496e-09
1277 -4.57240846828677024419e-120
1278 -5.04537594557025432382e-120
1279  -8.04395323118407186086e-10
1280  -1.24106741191033823959e-09
1281 -5.21263049098798223769e-120
1282  -7.26869108188960074575e-10
1283  -1.36760621921923322589e-09
1284  -1.13447489675051383817e-09
1285  -2.09178178626138010131e-09
1286 -6.15631985263050655944e-120
1287 -5.10860112050499225700e-120
1288  -3.06160494376298516306e-09
1289  -2.09165655686707883661e-09
1290  -1.70378702760252553209e-09
1291  -2.61890465701947986274e-09
1292 -6.35865205815005068030e-120
1293  -3.29130247252684366534e-09
1294 -6.79131348453089015397e-120
1295  -4.81657937359473236190e-09
1296 -6.63425904601537068395e-120
1297  -2.83613170299225114162e-10
1298  -4.23408056932609334819e-10
1299 -4.59263607180435963039e-120
1300  -4.20655333166042431707e-10
1301  -6.37960165816994036578e-10
1302 -6.44476568165434572598e-120
1303  -2.17252267540512637193e-10
1304  -1.74227392223703703078e-10
1305  -2.49213310290224198008e-10
1306 -6.67374900643312423170e-120
1307  -9.98731156811975759933e-11
1308  -1.36977238608888757326e-10
1309 -4.67529994440653539127e-120
1310  -3.18292095789325591242e-10
1311 -5.33682373869511956437e-120
1312  -1.89120145490637438613e-10
1313  -1.02967842002024617400e-10
1314  -1.35081192036543369515e-10
1315  -7.02467188500446193774e-10
1316  -1.09321315277605263233e-09
1317 -6.16040608488576829421e-120
1318  -1.06141133639855149482e-09
1319  -7.34117772338853013156e-10
1320  -1.17922168391680569246e-09
1321  -1.69629497419715181048e-09
1322 -7.09046184072813602967e-120
1323 -6.67640345398812176512e-120
1324  -2.92157389320694731905e-10
1325  -1.59183797146733854216e-10
1326  -2.11243613631043704752e-10
1327 -4.99145027738586050373e-120
1328 -4.63014547065934683831e-120
1329 -4.74814337342916129700e-120
1330  -4.96069665854891867173e-10
1331  -7.82832824946886883280e-10
1332 -5.39230373946684678660e-120
1333  -3.14258107246434664324e-10
1334  -9.71995472220343932940e-11
1335  -1.49698617784904245515e-10
1336 -5.52889022717704010464e-120
1337  -4.99659155797548385752e-10
1338 -6.41910869995604311956e-120
1339  -1.02578972423796303636e-10
1340  -4.71217074982784123040e-11
1341  -2.79712178495834547935e-11
1342  -2.86045446361205893498e-11
1343  -3.98759218143503107672e-11
1344  -3.94011400597313516720e-11
1345 -4.48276229062425487693e-120
1346 -4.84274877596932162440e-120
1347  -6.91803081049674205225e-11
1348 -6.20387376057932374043e-120
1349  -1.52085835425913379378e-10
1350 -5.81783893271361835612e-120
1351  -1.97244989174655631901e-11
1352  -3.13633550051231432275e-11
1353 -4.58395666521046328261e-120
1354  -9.94734971274465758229e-11
1355  -1.56964223450644283396e-10
1356 -5.39403084192869492090e-120
1357  -2.79485561866921780308e-10
1358  -3.97285086683196591195e-10
1359  -6.40528180887553132658e-10
1360 -6.44062240363450508460e-120
1361  -4.43524687476691477109e-10
1362 -5.94543926695445533987e-120
1363  -4.12298254704357837425e-10
1364  -6.66630038512153515016e-10
1365 -7.89769894911457795575e-120
1366  -1.10652677370344594302e-10
1367  -1.76912840294828700507e-10
1368 -5.60386253705285881322e-120
1369  -3.65569130503193701971e-11
1370  -2.11404087036163634034e-11
1371  -3.22637733152111057150e-11
1372  -5.70335037665488182959e-11
1373 -7.11127765783188007982e-120
1374 -6.42261611280424489560e-120
1375  -2.39655513308839737537e-11
1376  -3.62435610756135520526e-11
1377 -5.17651813385464114399e-120
1378  -9.98187828107748345648e-12
1379  -1.45864541310799898203e-11
1380 -5.01493794967931329756e-120
1381  -8.56960259545716854832e-12
1382  -5.63500625735644403470e-11
1383  -1.21274006656508272645e-11
1384  -8.93251471249862538440e-11
1385  -1.93104793519115234741e-11
1386 -6.50296987684692387877e-120
1387 -4.62200055110710679329e-120
1388  -1.33540202695009528038e-11
1389 -4.62753533490929504843e-120
1390  -7.23028234815825941299e-11
1391  -1.16619963969720031508e-10
1392 -5.44915467213317301356e-120
1393  -8.68400386237419160697e-11
1394  -6.90620333574184701973e-11
1395  -1.15284027912118212393e-10
1396  -1.41526997448020839532e-10
1397 -6.51546655613314596989e-120
1398 -5.25855182518922704807e-120
1399  -7.16208462683511080810e-11
1400  -1.15090255331150331503e-10
1401 -6.15125635018163222871e-120
1402  -4.19189153011093329924e-11
1403  -6.97628031303829959287e-11
1404 -4.84269559507276997155e-120
1405  -1.49653211061239812995e-11
1406  -2.33116909812695631047e-11
1407 -7.05216002674857057126e-120
1408  -1.49127525205168863483e-11
1409  -2.34984698587932336939e-11
1410 -5.57404413869361498738e-120
1411  -4.26799884192752999503e-12
1412  -6.37869864910456557744e-12
1413 -4.98275888449951194372e-120
1414  -5.20047983621472286408e-12
1415  -8.00309001007101764230e-12
1416 -5.59812387662465202930e-120
1417  -1.62198337183169720506e-11
1418  -2.59011340242496504727e-11
1419 -5.93174949118434005918e-120
1420  -2.14026618246524091018e-11
1421  -3.45232853919598728840e-11
1422 -6.20848203478440002691e-120
1423  -1.16598391586747844866e-11
1424  -1.91603139561956121011e-11
1425 -5.88370417101989396081e-120
1426  -7.93810585590884436097e-12
1427  -1.33880385008633474632e-11
1428  -2.26061273836375795200e-11
1429  -1.35515018222623613555e-11
1430 -6.05123643590442260642e-120
1431 -5.11189293775874993673e-120
1432  -1.89492723190840000421e-11
1433  -3.09410449424717735369e-11
1434 -4.96792188782576622630e-120
1435  -2.20709569627095648327e-11
1436  -3.63044317698794257041e-11
1437 -5.85680294763531571564e-120
1438  -1.16742567240218630709e-11
1439  -6.65356906146939612168e-12
1440  -1.06462160703802665609e-11
1441  -1.90461636824285740487e-11
1442 -6.56534403218443554647e-120
1443 -5.32507072516396897557e-120
1444  -3.26785150276044277764e-12
1445  -5.21705399773227279545e-12
1446 -5.74137022776876965003e-120
1447  -2.94734317260682437236e-12
1448  -4.55092302027407592189e-12
1449 -5.74820430792627416243e-120
1450  -8.93016644837002512855e-13
1451  -1.34285230575242420108e-12
1452 -4.49886962386481026223e-120
1453  -1.64511453812904201644e-12
1454  -7.75217322286299900071e-12
1455  -2.61255651965900943142e-12
1456  -4.33558282581556858532e-12
1457  -1.26084456121214141658e-11
1458 -5.76303692274265931261e-120
1459 -6.39963780786112459107e-120
1460  -2.71945377396522840345e-12
1461 -4.38659659847813064433e-120
1462  -1.83751697800516483633e-12
1463  -2.60923784076391440452e-12
1464  -4.48618569382629370908e-12
1465 -5.56472094915077700710e-120
1466  -3.20017732644303664441e-12
1467  -5.50534246959251622737e-12
1468 -6.66684931828882634390e-120
1469  -6.65236106474139525801e-12
1470  -1.09899825086278494386e-11
1471 -6.17518802572655150547e-120
1472  -2.31781692157265847167e-12
1473  -2.91884893392286877058e-12
1474  -4.70307406814804172398e-12
1475  -3.75722174804309889898e-12
1476 -7.60515129867100183898e-120
1477 -6.16894414437099405770e-120
1478  -3.09247706638832694277e-12
1479 -4.92895998347364740248e-120
1480  -1.20491329358673406075e-12
1481  -1.93184572569548203759e-12
1482 -5.74338951004371086002e-120
1483  -5.43924180755205800215e-13
1484  -8.42379735842622515270e-13
1485 -5.00076452831829519779e-120
1486  -1.43827050152967826327e-12
1487  -2.37567547723091584990e-12
1488 -5.23120107599209438391e-120
1489  -4.58666479221569962544e-13
1490  -6.45552588431014892517e-13
1491  -1.09068747571805742229e-12
1492  -7.77331109622779685574e-13
1493 -5.29307178996307784327e-120
1494 -5.42712179699606084961e-120
1495  -8.49875907766122774070e-13
1496  -1.47741948174651827556e-12
1497 -5.79941255011596174814e-120
1498  -6.83024874791186815688e-13
1499  -7.52697422230070246341e-13
1500  -1.19502589442138092258e-12
1501  -1.28734634111163945258e-12
1502 -5.87922572418537150593e-120
1503 -6.18804703845578975562e-120
1504  -5.77629699498497178479e-13
1505  -1.01969710343137997519e-12
1506  -1.71237456597247100240e-12
1507 -5.15528244580262620445e-120
1508  -9.47116776108280115232e-13
1509 -5.35398079603324201095e-120
1510  -1.59026284480729995372e-12
1511  -2.59066802162630224760e-12
1512 -7.52449733399353628846e-120
1513  -1.45530942553353660135e-12
1514  -1.06082457072743334412e-12
1515  -1.33317569701964565676e-13
1516  -2.07967839907960815360e-13
1517  -1.70293084744312270897e-12
1518 -4.25250509407055504117e-120
1519 -6.55042955217926430722e-120
1520  -2.34416805834125999628e-12
1521 -7.56260294718194109086e-120
1522  -9.52491486982336740104e-14
1523  -5.37628653453280370944e-14
1524  -1.68156666008933307616e-13
1525  -9.44400081033883859426e-14
1526 -4.37065837247390766271e-120
1527 -4.84990564705989367762e-120
1528  -1.88112317552288813929e-13
1529  -2.14576697080401448830e-13
1530  -3.25609093808607134646e-13
1531  -3.80975239303677257084e-13
1532 -5.38252973968652036261e-120
1533 -6.05996084012204792655e-120
1534  -1.99600698963600679822e-13
1535  -3.52677885964262361541e-13
1536 -5.30560625625468151599e-120
1537  -9.40143799984186323273e-14
1538  -2.28631258349485746895e-13
1539  -2.97045418771067773609e-13
1540  -1.62231203647501446761e-13
1541  -3.79893494814841918622e-13
1542  -4.83963680402447938632e-13
1543 -4.41296366554636958600e-120
1544 -4.68305591447169290179e-120
1545 -5.13687063555700720242e-120
1546  -5.08288146587017946835e-13
1547  -8.30950097551318967989e-13
1548 -5.35649321711012289962e-120
1549  -3.34416011983123111159e-13
1550  -5.43606301595399491892e-13
1551 -5.23899464512422783813e-120
1552  -4.27327584665155487726e-13
1553  -6.77262831059564890681e-13
1554 -5.58092814602419928905e-120
1555  -1.21197111678133813638e-14
1556  -2.16720746852086839744e-14
1557 -4.43904814080016295623e-120
1558  -5.93108045076667360745e-14
1559  -1.05569333527763317583e-13
1560 -6.11778318862054209230e-120
1561  -4.45174475483077510395e-14
1562  -7.99177769831107196180e-14
1563 -4.89634340793227694087e-120
1564  -3.84758233107242120768e-14
1565  -6.08997858921897487482e-14
1566 -3.92150476907288468706e-120
1567  -6.25711883461567920473e-15
1568  -7.04453796883563918603e-15
1569  -1.13882156925595304797e-14
1570  -1.29307335991195384673e-14
1571 -4.24830797732281375906e-120
1572 -4.22555957294405584506e-120
